[  0   1   3   5   6   7   8   9  10  11  12  13  14  15  17  18  19  21
  23  24  25  26  27  28  29  30  31  32  33  34  35  36  37  38  39  40
  41  42  43  44  45  47  49  50  51  52  53  54  55  56  57  58  59  60
  61  62  63  64  65  66  67  68  69  70  71  72  73  74  75  76  77  79
  80  81  83  84  85  86  87  88  89  90  91  92  93  95  96  97  98  99
 100 101 102 103 104 105 106 107 108 109 110 111 112 113 114 115 116 117
 118 119 123 124 125 126 127 128 129] [  2   4  16  20  22  46  48  78  82  94 120 121 122]
[  0   1   2   3   4   5   6   8   9  10  12  14  15  16  17  18  20  21
  22  23  24  25  26  27  28  29  30  31  32  33  34  35  36  37  39  40
  41  42  43  44  45  46  47  48  49  50  51  52  53  55  56  57  58  59
  61  62  63  64  65  66  67  68  69  70  71  72  73  74  75  76  77  78
  79  80  81  82  83  84  85  87  89  90  93  94  95  96  97  98  99 100
 101 102 103 104 105 107 108 109 110 112 113 114 115 116 117 118 119 120
 121 122 123 124 125 126 127 128 129] [  7  11  13  19  38  54  60  86  88  91  92 106 111]
[  0   1   2   3   4   5   7   8   9  10  11  12  13  14  15  16  18  19
  20  21  22  23  24  26  27  28  29  30  31  32  34  35  36  37  38  39
  40  41  42  43  44  45  46  47  48  49  50  51  52  53  54  55  57  58
  60  61  63  64  65  66  67  68  69  70  71  72  73  74  75  76  77  78
  79  80  81  82  83  84  85  86  87  88  89  90  91  92  93  94  96  97
  98  99 100 101 103 104 105 106 108 109 110 111 112 113 114 116 117 118
 119 120 121 122 123 124 125 128 129] [  6  17  25  33  56  59  62  95 102 107 115 126 127]
[  0   1   2   3   4   5   6   7   8   9  10  11  12  13  14  16  17  18
  19  20  21  22  23  24  25  26  27  28  29  30  31  32  33  37  38  39
  40  41  42  43  44  45  46  48  49  50  51  53  54  56  57  58  59  60
  61  62  63  64  65  66  68  69  70  71  72  73  74  75  76  77  78  80
  81  82  83  84  86  87  88  89  90  91  92  93  94  95  96  97  98  99
 101 102 105 106 107 108 109 110 111 112 113 114 115 116 117 118 119 120
 121 122 123 124 125 126 127 128 129] [ 15  34  35  36  47  52  55  67  79  85 100 103 104]
[  0   1   2   3   4   5   6   7   8  11  12  13  15  16  17  18  19  20
  21  22  23  24  25  26  27  28  29  31  32  33  34  35  36  37  38  40
  41  42  44  45  46  47  48  49  50  51  52  53  54  55  56  57  58  59
  60  61  62  64  65  66  67  68  69  70  71  72  73  75  77  78  79  80
  81  82  83  84  85  86  87  88  90  91  92  93  94  95  96  97  99 100
 101 102 103 104 105 106 107 108 109 110 111 112 113 115 117 118 119 120
 121 122 123 124 125 126 127 128 129] [  9  10  14  30  39  43  63  74  76  89  98 114 116]
[  0   1   2   3   4   5   6   7   8   9  10  11  12  13  14  15  16  17
  19  20  21  22  23  25  26  27  28  29  30  31  32  33  34  35  36  37
  38  39  40  41  43  44  45  46  47  48  49  52  53  54  55  56  57  59
  60  61  62  63  64  65  66  67  69  70  71  72  73  74  75  76  77  78
  79  82  83  84  85  86  87  88  89  90  91  92  93  94  95  96  97  98
  99 100 101 102 103 104 105 106 107 109 110 111 113 114 115 116 117 118
 119 120 121 122 123 124 126 127 129] [ 18  24  42  50  51  58  68  80  81 108 112 125 128]
[  0   1   2   4   5   6   7   8   9  10  11  13  14  15  16  17  18  19
  20  21  22  23  24  25  26  27  28  29  30  32  33  34  35  36  37  38
  39  40  42  43  45  46  47  48  49  50  51  52  53  54  55  56  57  58
  59  60  62  63  64  65  67  68  70  71  73  74  75  76  77  78  79  80
  81  82  83  84  85  86  87  88  89  90  91  92  93  94  95  97  98  99
 100 101 102 103 104 105 106 107 108 109 110 111 112 114 115 116 117 119
 120 121 122 124 125 126 127 128 129] [  3  12  31  41  44  61  66  69  72  96 113 118 123]
[  0   1   2   3   4   5   6   7   8   9  10  11  12  13  14  15  16  17
  18  19  20  21  22  24  25  26  27  28  30  31  32  33  34  35  36  38
  39  40  41  42  43  44  46  47  48  50  51  52  53  54  55  56  57  58
  59  60  61  62  63  65  66  67  68  69  70  71  72  73  74  76  77  78
  79  80  81  82  83  84  85  86  87  88  89  91  92  94  95  96  97  98
  99 100 102 103 104 106 107 108 109 110 111 112 113 114 115 116 117 118
 119 120 121 122 123 125 126 127 128] [ 23  29  37  45  49  64  75  90  93 101 105 124 129]
[  1   2   3   4   5   6   7   8   9  10  11  12  13  14  15  16  17  18
  19  20  21  22  23  24  25  29  30  31  32  33  34  35  36  37  38  39
  40  41  42  43  44  45  46  47  48  49  50  51  52  54  55  56  58  59
  60  61  62  63  64  66  67  68  69  72  73  74  75  76  77  78  79  80
  81  82  83  84  85  86  88  89  90  91  92  93  94  95  96  98  99 100
 101 102 103 104 105 106 107 108 109 110 111 112 113 114 115 116 118 120
 121 122 123 124 125 126 127 128 129] [  0  26  27  28  53  57  65  70  71  87  97 117 119]
[  0   2   3   4   6   7   9  10  11  12  13  14  15  16  17  18  19  20
  22  23  24  25  26  27  28  29  30  31  33  34  35  36  37  38  39  41
  42  43  44  45  46  47  48  49  50  51  52  53  54  55  56  57  58  59
  60  61  62  63  64  65  66  67  68  69  70  71  72  74  75  76  78  79
  80  81  82  85  86  87  88  89  90  91  92  93  94  95  96  97  98 100
 101 102 103 104 105 106 107 108 111 112 113 114 115 116 117 118 119 120
 121 122 123 124 125 126 127 128 129] [  1   5   8  21  32  40  73  77  83  84  99 109 110]
