[  1   3   4   5   6   8   9  10  11  12  14  15  16  17  18  19  21  22
  23  24  25  26  27  29  30  32  33  34  35  36  37  38  39  40  41  42
  43  44  45  46  47  48  49  50  51  52  53  54  55  56  57  58  59  60
  61  62  63  64  65  66  67  68  69  70  72  74  75  76  77  78  79  80
  81  82  83  84  85  86  89  90  91  92  93  94  95  96  97  98  99 100
 101 102 103 104 105 106] [ 0  2  7 13 20 28 31 71 73 87 88]
[  0   1   2   3   4   5   6   7   8   9  10  11  12  13  14  15  16  17
  18  19  20  21  22  23  24  26  27  28  30  31  32  33  34  35  36  38
  39  40  41  42  43  44  46  47  48  49  50  51  52  53  54  55  56  57
  58  59  60  62  63  64  65  66  67  68  69  70  71  72  73  75  76  77
  78  79  80  81  82  83  85  87  88  89  90  91  92  93  94  95  97  98
  99 100 101 103 104 105] [ 25  29  37  45  61  74  84  86  96 102 106]
[  0   1   2   4   6   7   8   9  10  11  12  13  14  15  17  18  19  20
  22  23  24  25  26  28  29  30  31  32  33  34  35  36  37  38  39  40
  41  42  44  45  47  48  49  51  52  53  54  55  56  57  58  59  61  62
  63  64  65  66  67  68  69  70  71  72  73  74  75  76  77  78  79  80
  81  82  83  84  85  86  87  88  89  90  91  92  93  94  95  96  97 100
 101 102 103 104 105 106] [ 3  5 16 21 27 43 46 50 60 98 99]
[  0   1   2   3   4   5   6   7   8   9  10  11  12  13  14  15  16  17
  18  19  20  21  22  23  24  25  26  27  28  29  30  31  32  36  37  38
  39  40  41  42  43  44  45  46  47  48  49  50  51  52  53  54  55  56
  57  58  59  60  61  62  63  65  66  67  68  69  70  71  73  74  75  76
  77  78  79  82  83  84  85  86  87  88  90  92  93  96  97  98  99 100
 101 102 103 104 105 106] [33 34 35 64 72 80 81 89 91 94 95]
[  0   1   2   3   4   5   6   7   8   9  10  11  13  14  15  16  17  18
  20  21  22  23  24  25  26  27  28  29  31  32  33  34  35  36  37  38
  39  41  42  43  44  45  46  48  50  52  55  56  57  58  59  60  61  62
  63  64  65  66  68  69  70  71  72  73  74  75  76  77  78  79  80  81
  82  83  84  85  86  87  88  89  90  91  92  93  94  95  96  97  98  99
 100 102 103 104 105 106] [ 12  19  30  40  47  49  51  53  54  67 101]
[  0   1   2   3   5   6   7   8   9  10  11  12  13  14  15  16  17  18
  19  20  21  22  24  25  26  27  28  29  30  31  32  33  34  35  37  38
  39  40  41  43  44  45  46  47  48  49  50  51  53  54  56  57  58  59
  60  61  63  64  65  66  67  68  69  71  72  73  74  75  76  77  80  81
  82  84  85  86  87  88  89  90  91  92  93  94  95  96  97  98  99 100
 101 102 103 104 105 106] [ 4 23 36 42 52 55 62 70 78 79 83]
[  0   1   2   3   4   5   6   7   8  10  12  13  14  16  17  18  19  20
  21  23  24  25  26  27  28  29  30  31  33  34  35  36  37  38  39  40
  41  42  43  44  45  46  47  48  49  50  51  52  53  54  55  57  58  60
  61  62  63  64  65  66  67  68  69  70  71  72  73  74  75  78  79  80
  81  82  83  84  85  86  87  88  89  90  91  92  93  94  95  96  97  98
  99 101 102 103 105 106] [  9  11  15  22  32  56  59  76  77 100 104]
[  0   1   2   3   4   5   7   8   9  11  12  13  15  16  17  18  19  20
  21  22  23  24  25  26  27  28  29  30  31  32  33  34  35  36  37  38
  39  40  41  42  43  44  45  46  47  49  50  51  52  53  54  55  56  57
  58  59  60  61  62  63  64  66  67  69  70  71  72  73  74  76  77  78
  79  80  81  83  84  85  86  87  88  89  90  91  93  94  95  96  98  99
 100 101 102 103 104 105 106] [ 6 10 14 48 65 68 75 82 92 97]
[  0   2   3   4   5   6   7   9  10  11  12  13  14  15  16  18  19  20
  21  22  23  24  25  26  27  28  29  30  31  32  33  34  35  36  37  40
  41  42  43  45  46  47  48  49  50  51  52  53  54  55  56  57  58  59
  60  61  62  63  64  65  66  67  68  69  70  71  72  73  74  75  76  77
  78  79  80  81  82  83  84  86  87  88  89  91  92  93  94  95  96  97
  98  99 100 101 102 104 106] [  1   8  17  38  39  44  85  90 103 105]
[  0   1   2   3   4   5   6   7   8   9  10  11  12  13  14  15  16  17
  19  20  21  22  23  25  27  28  29  30  31  32  33  34  35  36  37  38
  39  40  42  43  44  45  46  47  48  49  50  51  52  53  54  55  56  59
  60  61  62  64  65  67  68  70  71  72  73  74  75  76  77  78  79  80
  81  82  83  84  85  86  87  88  89  90  91  92  94  95  96  97  98  99
 100 101 102 103 104 105 106] [18 24 26 41 57 58 63 66 69 93]
