[ 0  1  3  4  5  7  8  9 10 11 12 13 14 15 16 17 18 19 20 21 22 23 25 26
 27 28 29 30 32 33 34 35 36] [ 2  6 24 31]
[ 0  1  2  3  4  6  7  8  9 11 12 13 14 16 17 18 19 20 21 22 23 24 25 26
 27 28 29 30 31 32 33 35 36] [ 5 10 15 34]
[ 0  1  2  3  4  5  6  7  9 10 11 12 13 14 15 16 18 19 20 21 22 23 24 26
 27 28 30 31 32 33 34 35 36] [ 8 17 25 29]
[ 0  1  2  3  5  6  7  8  9 10 11 12 13 14 15 16 17 18 19 21 23 24 25 26
 27 28 29 30 31 32 33 34 35] [ 4 20 22 36]
[ 0  1  2  3  4  5  6  7  8  9 10 12 13 15 16 17 18 20 21 22 23 24 25 26
 27 28 29 31 32 33 34 35 36] [11 14 19 30]
[ 0  1  2  3  4  5  6  7  8 10 11 12 14 15 16 17 18 19 20 21 22 24 25 26
 28 29 30 31 32 33 34 35 36] [ 9 13 23 27]
[ 0  1  2  4  5  6  7  8  9 10 11 12 13 14 15 17 18 19 20 22 23 24 25 27
 28 29 30 31 32 33 34 35 36] [ 3 16 21 26]
[ 0  2  3  4  5  6  7  8  9 10 11 12 13 14 15 16 17 18 19 20 21 22 23 24
 25 26 27 29 30 31 33 34 35 36] [ 1 28 32]
[ 1  2  3  4  5  6  7  8  9 10 11 12 13 14 15 16 17 19 20 21 22 23 24 25
 26 27 28 29 30 31 32 34 35 36] [ 0 18 33]
[ 0  1  2  3  4  5  6  8  9 10 11 13 14 15 16 17 18 19 20 21 22 23 24 25
 26 27 28 29 30 31 32 33 34 36] [ 7 12 35]
