[ 0  1  2  3  4  5  6  7  9 10 12 13 14 16 17 18 19 20 21 22 23 24 25 26
 27 28 29 30 31 32 33 35 36 37 38 39 40 41 42 43 44 45 46 47 49 50 51 52
 53 55 56 58 59 60 61 62 64 65 66 67 68 69 70 71 73 74 75 76 77 78 79 80
 81 82 83 84 85 86] [ 8 11 15 34 48 54 57 63 72]
[ 0  1  2  3  4  5  6  7  8  9 11 13 14 15 16 17 18 19 20 21 22 23 24 25
 26 27 28 30 31 32 33 34 35 37 38 39 40 41 42 44 45 46 47 48 49 50 52 53
 54 55 56 57 58 59 60 61 62 63 64 66 68 69 70 71 72 73 74 75 76 77 78 79
 80 81 83 84 85 86] [10 12 29 36 43 51 65 67 82]
[ 0  1  2  3  4  5  7  8  9 10 11 12 13 15 16 17 18 19 20 21 22 23 24 25
 26 27 29 30 31 32 33 34 35 36 37 38 40 41 42 43 44 45 46 47 48 49 50 51
 53 54 55 56 57 58 59 60 61 62 63 64 65 67 68 69 70 71 72 73 75 76 78 79
 80 81 82 83 85 86] [ 6 14 28 39 52 66 74 77 84]
[ 0  1  2  3  4  5  6  8  9 10 11 12 13 14 15 16 17 18 19 21 22 23 24 26
 27 28 29 30 31 32 33 34 35 36 37 38 39 41 43 45 46 47 48 49 50 51 52 53
 54 55 56 57 58 59 60 61 62 63 64 65 66 67 68 70 71 72 73 74 76 77 78 80
 81 82 83 84 85 86] [ 7 20 25 40 42 44 69 75 79]
[ 0  1  2  3  5  6  7  8  9 10 11 12 13 14 15 16 17 18 19 20 21 22 23 25
 26 27 28 29 30 31 32 34 36 37 38 39 40 41 42 43 44 45 46 47 48 49 50 51
 52 53 54 55 57 58 59 61 62 63 64 65 66 67 68 69 70 72 73 74 75 76 77 79
 80 82 83 84 85 86] [ 4 24 33 35 56 60 71 78 81]
[ 1  3  4  5  6  7  8 10 11 12 13 14 15 16 18 19 20 21 22 24 25 27 28 29
 30 32 33 34 35 36 37 38 39 40 41 42 43 44 46 47 48 49 50 51 52 53 54 55
 56 57 58 59 60 61 62 63 64 65 66 67 68 69 70 71 72 73 74 75 76 77 78 79
 80 81 82 83 84 86] [ 0  2  9 17 23 26 31 45 85]
[ 0  1  2  3  4  5  6  7  8  9 10 11 12 13 14 15 16 17 18 20 21 22 23 24
 25 26 27 28 29 30 31 32 33 34 35 36 37 39 40 41 42 43 44 45 47 48 51 52
 54 55 56 57 58 59 60 61 62 63 64 65 66 67 68 69 71 72 74 75 77 78 79 80
 81 82 83 84 85 86] [19 38 46 49 50 53 70 73 76]
[ 0  1  2  3  4  6  7  8  9 10 11 12 13 14 15 16 17 19 20 22 23 24 25 26
 27 28 29 30 31 33 34 35 36 38 39 40 41 42 43 44 45 46 47 48 49 50 51 52
 53 54 55 56 57 60 61 62 63 64 65 66 67 68 69 70 71 72 73 74 75 76 77 78
 79 80 81 82 83 84 85] [ 5 18 21 32 37 58 59 86]
[ 0  2  4  5  6  7  8  9 10 11 12 13 14 15 16 17 18 19 20 21 22 23 24 25
 26 28 29 31 32 33 34 35 36 37 38 39 40 41 42 43 44 45 46 47 48 49 50 51
 52 53 54 55 56 57 58 59 60 62 63 65 66 67 69 70 71 72 73 74 75 76 77 78
 79 80 81 82 84 85 86] [ 1  3 27 30 61 64 68 83]
[ 0  1  2  3  4  5  6  7  8  9 10 11 12 14 15 17 18 19 20 21 23 24 25 26
 27 28 29 30 31 32 33 34 35 36 37 38 39 40 42 43 44 45 46 48 49 50 51 52
 53 54 56 57 58 59 60 61 63 64 65 66 67 68 69 70 71 72 73 74 75 76 77 78
 79 81 82 83 84 85 86] [13 16 22 41 47 55 62 80]
