[ 0  1  3  4  5  7  8 10 11 12 13 14 15 16 17 18 19 20 21 22 24 25 26 27
 28 29 30 31 32 33 34 36 37 38 39 40 42 43 44 45 46 47 48 49 50 51 52 53
 54] [ 2  6  9 23 35 41]
[ 0  1  2  3  4  5  6  7  9 10 11 14 15 16 17 18 19 20 21 22 23 25 26 27
 28 29 30 31 32 33 35 36 37 38 39 41 42 43 44 45 46 47 48 49 50 51 52 53
 54] [ 8 12 13 24 34 40]
[ 0  1  2  4  5  6  7  8  9 10 11 12 13 14 15 16 17 19 20 21 23 24 25 26
 27 29 30 31 32 33 34 35 36 38 40 41 42 43 44 45 46 47 48 49 50 51 52 53
 54] [ 3 18 22 28 37 39]
[ 0  2  3  4  5  6  7  8  9 10 11 12 13 14 15 16 17 18 20 21 22 23 24 25
 26 27 28 29 30 33 34 35 36 37 38 39 40 41 42 43 44 45 46 48 49 50 51 52
 53] [ 1 19 31 32 47 54]
[ 0  1  2  3  4  6  7  8  9 11 12 13 14 15 16 17 18 19 20 21 22 23 24 25
 27 28 29 30 31 32 33 34 35 36 37 38 39 40 41 42 43 44 47 49 50 51 52 53
 54] [ 5 10 26 45 46 48]
[ 0  1  2  3  4  5  6  8  9 10 11 12 13 14 15 16 17 18 19 21 22 23 24 25
 26 28 29 30 31 32 33 34 35 36 37 39 40 41 42 44 45 46 47 48 49 50 51 52
 53 54] [ 7 20 27 38 43]
[ 1  2  3  4  5  6  7  8  9 10 11 12 13 14 16 17 18 19 20 21 22 23 24 26
 27 28 29 30 31 32 33 34 35 36 37 38 39 40 41 42 43 45 46 47 48 49 50 51
 53 54] [ 0 15 25 44 52]
[ 0  1  2  3  5  6  7  8  9 10 11 12 13 15 16 17 18 19 20 21 22 23 24 25
 26 27 28 30 31 32 33 34 35 36 37 38 39 40 41 42 43 44 45 46 47 48 50 51
 52 54] [ 4 14 29 49 53]
[ 0  1  2  3  4  5  6  7  8  9 10 12 13 14 15 16 17 18 19 20 22 23 24 25
 26 27 28 29 31 32 33 34 35 36 37 38 39 40 41 43 44 45 46 47 48 49 50 52
 53 54] [11 21 30 42 51]
[ 0  1  2  3  4  5  6  7  8  9 10 11 12 13 14 15 18 19 20 21 22 23 24 25
 26 27 28 29 30 31 32 34 35 37 38 39 40 41 42 43 44 45 46 47 48 49 51 52
 53 54] [16 17 33 36 50]
