[   0    1    2    4    6    7    8    9   10   11   12   13   14   15
   16   17   18   19   20   21   23   25   26   27   28   29   30   31
   32   33   34   36   37   38   39   40   41   42   43   44   45   47
   48   49   50   51   53   54   55   56   57   58   59   60   61   62
   63   64   66   67   68   69   70   71   72   73   74   75   76   77
   78   79   80   82   83   85   86   89   90   91   93   94   95   96
   97   98   99  100  101  102  103  105  106  107  109  110  111  112
  113  115  116  117  118  119  120  121  122  123  124  126  128  129
  130  131  132  133  134  135  136  137  138  139  140  141  142  143
  145  146  147  148  149  150  151  152  153  154  155  156  157  158
  159  160  161  162  163  164  165  166  167  168  170  171  174  176
  177  178  179  180  181  182  183  184  185  186  187  188  189  190
  191  192  193  194  196  197  199  200  201  202  203  204  205  206
  207  208  209  210  211  212  213  214  215  216  217  218  219  220
  221  222  223  224  225  226  227  228  229  230  231  232  233  234
  235  236  237  238  239  240  241  242  243  244  245  246  247  248
  249  252  253  255  256  257  258  259  260  262  263  264  265  266
  267  268  269  270  271  272  273  274  275  276  280  281  282  283
  284  287  289  290  291  292  293  294  295  297  298  300  301  302
  303  304  305  306  307  308  309  310  311  312  313  314  315  316
  317  319  320  321  323  324  325  326  327  328  329  330  331  332
  333  334  335  336  337  338  339  340  341  342  344  345  346  347
  348  349  350  351  352  353  354  355  356  357  358  359  360  361
  362  363  364  365  367  368  369  370  371  372  374  375  376  377
  378  379  380  381  383  384  385  386  387  388  389  390  391  392
  393  394  395  396  397  399  400  401  402  403  405  406  407  408
  409  410  411  412  413  414  415  416  418  419  420  421  422  423
  424  425  426  428  429  430  432  433  434  435  436  437  438  439
  440  441  442  443  444  445  446  448  449  450  452  453  454  455
  456  458  459  460  461  462  463  464  466  467  468  469  470  471
  472  473  474  475  476  477  478  480  481  482  483  484  487  488
  489  490  491  492  493  495  496  497  498  499  500  501  502  503
  504  505  506  507  508  509  510  511  512  513  514  515  516  517
  518  520  521  522  523  524  526  527  528  529  531  532  534  535
  536  537  538  539  540  541  542  543  545  546  547  548  549  551
  553  554  555  556  557  558  559  560  561  562  564  566  567  568
  569  570  572  573  574  575  576  577  578  579  580  581  582  583
  584  585  586  587  589  590  591  592  594  595  597  598  599  600
  601  602  603  604  605  606  607  608  609  610  612  613  614  615
  616  617  618  620  621  622  623  624  625  627  628  629  630  631
  632  633  634  635  636  637  638  640  641  642  643  644  645  646
  647  648  649  650  651  652  653  654  655  656  657  659  660  661
  662  664  666  667  668  669  670  671  672  673  674  675  677  678
  679  680  681  683  684  685  686  687  688  689  690  691  692  693
  694  695  696  697  698  699  700  701  702  703  704  705  706  707
  708  709  711  712  713  714  715  716  717  719  720  721  722  723
  724  725  727  729  730  731  732  733  734  735  736  737  738  739
  740  741  742  743  744  745  746  747  748  749  750  751  752  753
  754  755  756  757  758  759  760  761  762  763  764  765  766  767
  768  769  770  771  772  773  774  775  776  777  778  779  780  781
  782  783  784  785  786  787  788  789  790  791  792  793  794  795
  796  797  798  799  800  801  802  803  804  805  806  807  808  809
  810  811  812  813  814  815  816  817  818  819  820  821  822  823
  824  825  826  827  828  829  830  831  832  833  834  835  836  837
  838  839  840  841  842  843  844  845  846  847  848  849  850  852
  853  854  855  856  858  859  860  861  862  863  864  865  867  868
  869  870  871  872  873  874  875  876  877  878  879  880  881  882
  883  884  886  887  888  889  890  891  892  893  894  896  897  898
  899  900  903  904  905  906  908  909  910  911  912  913  914  915
  916  917  918  919  921  922  923  924  925  926  927  929  931  933
  934  935  936  937  938  939  941  942  943  944  945  946  947  948
  949  950  951  952  953  954  955  956  957  958  959  960  961  962
  963  964  965  966  967  969  970  971  972  974  976  977  978  979
  980  981  982  984  985  986  987  988  989  991  992  993  994  995
  996  998  999 1000 1001 1002 1003 1004 1005 1006 1007 1008 1009 1010
 1011 1012 1013 1014 1015 1016 1017 1019 1020 1021 1022 1023 1025 1026
 1027 1028 1029 1030 1031 1032 1033 1035 1036 1037 1038 1039 1041 1042
 1044 1045 1047 1048 1049 1050 1051 1052 1053 1054 1055 1056 1057 1058
 1059 1060 1061 1062 1063 1064 1065 1066 1067 1068 1069 1070 1071 1072
 1073 1074 1075 1077 1078 1079 1080 1081 1082 1083 1084 1085 1089 1090
 1091 1092 1093 1094 1095 1096 1097 1098 1099 1100 1101 1102 1103 1104
 1105 1106 1107 1109 1111 1112 1113 1114 1115 1116 1117 1118 1119 1120
 1121 1122 1123 1124 1125 1126 1127 1128 1129 1130 1131 1132 1134 1135
 1136 1137] [   3    5   22   24   35   46   52   65   81   84   87   88   92  104
  108  114  125  127  144  169  172  173  175  195  198  250  251  254
  261  277  278  279  285  286  288  296  299  318  322  343  366  373
  382  398  404  417  427  431  447  451  457  465  479  485  486  494
  519  525  530  533  544  550  552  563  565  571  588  593  596  611
  619  626  639  658  663  665  676  682  710  718  726  728  851  857
  866  885  895  901  902  907  920  928  930  932  940  968  973  975
  983  990  997 1018 1024 1034 1040 1043 1046 1076 1086 1087 1088 1108
 1110 1133]
[   0    1    2    3    4    5    6    8    9   10   11   12   13   14
   15   17   18   19   20   21   22   23   24   25   26   27   28   29
   30   31   32   33   34   35   36   37   38   39   41   42   43   44
   45   46   47   48   49   50   51   52   53   54   55   56   57   58
   59   60   61   62   63   64   65   66   67   68   69   70   71   72
   73   74   75   76   78   79   81   82   84   85   86   87   88   89
   90   91   92   93   94   95   96   97   98  100  101  102  103  104
  105  106  107  108  109  110  111  114  115  116  117  118  119  120
  121  123  124  125  126  127  128  129  130  131  132  133  134  135
  136  137  138  140  141  142  143  144  145  146  148  149  150  151
  152  153  154  155  156  157  158  159  160  161  162  163  164  165
  166  168  169  171  172  173  175  176  177  178  179  180  181  182
  183  184  185  186  187  188  189  190  191  192  193  194  195  196
  197  198  199  200  201  202  203  204  205  206  207  208  209  210
  211  212  213  214  215  217  218  219  220  221  222  223  224  225
  226  227  228  229  230  231  232  234  235  236  237  238  239  240
  241  242  243  245  246  247  249  250  251  252  253  254  255  256
  257  258  259  260  261  262  263  264  265  266  267  268  269  270
  271  272  273  274  275  276  277  278  279  280  282  283  284  285
  286  287  288  289  290  291  292  293  294  295  296  297  299  300
  301  302  303  304  305  306  307  308  309  310  311  313  314  315
  316  317  318  319  321  322  323  324  325  326  327  328  329  330
  331  332  333  334  335  337  338  339  340  341  342  343  345  346
  347  348  349  350  351  352  353  354  355  356  357  358  359  360
  362  363  364  365  366  368  369  370  371  372  373  374  376  377
  378  379  380  381  382  383  384  385  386  387  388  389  390  391
  394  395  396  397  398  399  401  402  403  404  405  407  408  409
  411  412  413  415  417  418  420  421  422  424  427  428  429  430
  431  432  433  434  436  437  438  439  440  442  443  444  445  447
  448  450  451  452  453  454  455  456  457  458  459  460  461  462
  463  464  465  466  467  468  469  470  471  472  473  474  475  476
  477  478  479  480  481  482  483  484  485  486  487  488  489  490
  491  492  493  494  496  497  498  499  500  501  502  503  504  505
  506  507  508  509  511  512  513  514  515  516  517  518  519  520
  521  522  524  525  526  527  528  529  530  531  532  533  535  536
  537  538  539  540  541  542  543  544  545  546  547  548  550  551
  552  553  554  555  556  557  558  559  560  562  563  564  565  566
  567  568  569  571  572  573  575  576  577  578  580  581  582  583
  586  587  588  589  590  591  592  593  594  596  597  598  599  600
  601  602  603  604  605  606  609  610  611  612  613  615  616  617
  618  619  620  621  622  623  624  625  626  628  629  630  631  632
  634  635  636  637  638  639  641  642  643  644  647  648  650  651
  652  653  654  655  656  657  658  659  661  663  664  665  667  668
  669  670  671  672  673  674  675  676  677  678  679  680  681  682
  683  684  685  686  687  688  689  690  691  693  694  695  696  697
  698  700  702  704  705  706  708  709  710  711  712  713  714  715
  716  718  720  721  723  724  725  726  727  728  729  730  731  732
  733  734  735  736  737  738  739  740  741  743  744  745  746  747
  748  749  752  753  754  755  756  757  758  761  762  764  765  767
  768  769  770  771  775  776  777  778  779  780  781  782  784  785
  786  787  788  789  790  791  792  793  794  795  796  797  798  799
  800  801  802  803  804  805  807  808  809  810  811  812  813  814
  815  816  817  818  819  820  821  822  823  824  825  826  827  828
  829  830  831  832  833  834  835  836  837  838  839  840  841  842
  843  844  845  846  847  848  849  850  851  852  853  854  856  857
  858  860  861  862  863  864  865  866  867  868  869  870  871  872
  873  874  875  876  878  879  880  881  882  883  884  885  886  887
  888  889  890  891  892  893  894  895  896  897  898  899  900  901
  902  903  904  907  908  909  910  911  912  913  914  915  916  917
  918  920  921  922  924  925  926  927  928  929  930  932  933  934
  936  937  938  939  940  941  942  943  944  945  946  947  948  949
  950  951  952  953  954  955  958  959  960  961  962  963  964  966
  967  968  969  970  971  972  973  975  976  977  978  979  980  981
  982  983  984  985  986  987  988  989  990  991  992  993  994  996
  997  998  999 1000 1001 1002 1003 1004 1005 1006 1007 1008 1009 1010
 1012 1013 1014 1015 1016 1017 1018 1019 1020 1021 1022 1023 1024 1025
 1026 1027 1028 1029 1030 1031 1033 1034 1035 1036 1038 1039 1040 1042
 1043 1044 1045 1046 1047 1048 1049 1050 1051 1052 1053 1054 1055 1056
 1057 1058 1059 1060 1062 1064 1065 1066 1067 1069 1070 1071 1073 1074
 1075 1076 1077 1078 1079 1080 1081 1083 1084 1085 1086 1087 1088 1089
 1090 1091 1092 1093 1094 1095 1096 1097 1098 1099 1100 1101 1102 1103
 1104 1105 1106 1107 1108 1109 1110 1111 1112 1113 1114 1115 1116 1118
 1120 1121 1122 1123 1124 1126 1127 1128 1130 1131 1132 1133 1134 1135
 1136 1137] [   7   16   40   77   80   83   99  112  113  122  139  147  167  170
  174  216  233  244  248  281  298  312  320  336  344  361  367  375
  392  393  400  406  410  414  416  419  423  425  426  435  441  446
  449  495  510  523  534  549  561  570  574  579  584  585  595  607
  608  614  627  633  640  645  646  649  660  662  666  692  699  701
  703  707  717  719  722  742  750  751  759  760  763  766  772  773
  774  783  806  855  859  877  905  906  919  923  931  935  956  957
  965  974  995 1011 1032 1037 1041 1061 1063 1068 1072 1082 1117 1119
 1125 1129]
[   1    3    4    5    6    7    8    9   10   12   14   15   16   17
   18   22   23   24   25   26   28   29   30   31   32   33   34   35
   36   37   38   39   40   41   42   44   45   46   47   48   49   50
   52   53   54   55   56   57   58   59   60   61   62   63   64   65
   67   68   69   70   71   73   74   75   76   77   78   80   81   82
   83   84   86   87   88   89   90   92   93   94   95   96   98   99
  101  102  103  104  105  106  107  108  109  110  111  112  113  114
  115  116  118  119  120  122  123  125  126  127  128  129  130  131
  132  133  134  135  136  137  138  139  140  141  142  143  144  145
  146  147  149  150  151  152  153  154  155  156  157  158  160  161
  162  164  165  166  167  168  169  170  171  172  173  174  175  176
  177  178  179  180  181  182  183  184  185  186  187  188  189  190
  191  192  194  195  196  197  198  199  200  201  202  203  204  205
  206  207  208  209  210  212  213  214  215  216  217  218  219  220
  221  222  223  225  226  227  228  229  230  231  232  233  234  235
  237  238  239  240  243  244  245  247  248  249  250  251  252  254
  255  256  257  258  259  260  261  262  263  265  266  269  270  271
  272  273  275  276  277  278  279  281  282  283  284  285  286  287
  288  289  290  291  292  293  294  295  296  297  298  299  301  302
  303  306  307  308  309  310  311  312  313  315  316  317  318  319
  320  321  322  323  324  325  327  329  330  331  333  334  335  336
  337  338  339  340  341  342  343  344  345  346  347  348  349  350
  351  352  353  354  355  356  357  358  359  360  361  363  364  366
  367  369  370  371  372  373  374  375  376  378  379  380  381  382
  383  384  385  386  387  388  389  390  391  392  393  394  395  396
  397  398  399  400  401  403  404  406  408  409  410  411  412  413
  414  415  416  417  418  419  420  421  422  423  424  425  426  427
  428  429  430  431  432  433  435  436  440  441  442  443  444  445
  446  447  448  449  450  451  452  453  454  455  456  457  458  459
  460  461  462  463  464  465  466  467  468  469  470  472  473  474
  475  476  477  478  479  480  481  482  483  484  485  486  487  490
  491  492  494  495  496  497  498  500  501  502  503  504  505  506
  507  508  509  510  511  512  513  514  515  516  517  518  519  520
  521  522  523  524  525  526  527  528  529  530  531  532  533  534
  535  536  537  538  539  540  541  543  544  545  546  547  549  550
  551  552  553  554  555  556  557  558  559  560  561  562  563  564
  565  566  568  569  570  571  572  573  574  577  578  579  580  581
  582  583  584  585  586  587  588  589  590  591  593  594  595  596
  597  598  599  601  602  604  605  606  607  608  609  610  611  612
  613  614  615  616  617  618  619  620  621  622  623  624  625  626
  627  629  630  631  632  633  635  636  637  638  639  640  641  643
  644  645  646  647  648  649  651  652  653  654  655  656  657  658
  659  660  661  662  663  664  665  666  667  668  669  670  671  673
  674  676  677  678  679  680  682  683  684  685  686  687  688  689
  690  691  692  693  694  695  696  697  698  699  700  701  702  703
  704  705  706  707  709  710  711  712  713  714  715  716  717  718
  719  720  721  722  723  724  725  726  727  728  729  730  733  734
  735  736  737  739  741  742  743  744  745  746  747  748  749  750
  751  752  753  754  755  756  757  758  759  760  761  762  763  764
  765  766  767  770  771  772  773  774  775  777  778  779  780  781
  782  783  784  785  786  787  788  789  791  792  793  794  795  796
  797  798  799  800  801  803  804  805  806  807  809  810  811  812
  813  814  816  817  818  819  820  821  822  823  825  826  827  829
  830  832  833  834  835  836  837  838  839  840  841  842  843  844
  845  846  847  848  849  850  851  853  854  855  856  857  858  859
  860  861  862  863  864  865  866  867  869  870  871  872  873  874
  875  876  877  878  879  880  881  882  883  885  886  887  888  889
  890  891  892  893  894  895  896  897  898  899  900  901  902  903
  904  905  906  907  908  910  911  912  914  915  916  917  918  919
  920  921  922  923  924  925  926  927  928  929  930  931  932  933
  934  935  936  938  939  940  941  942  943  944  945  947  949  950
  951  953  954  956  957  958  959  960  961  962  963  964  965  966
  967  968  969  970  971  972  973  974  975  976  977  978  979  980
  981  982  983  984  985  986  987  988  990  991  992  993  995  996
  997  998  999 1000 1001 1002 1003 1005 1006 1007 1008 1009 1010 1011
 1012 1013 1014 1015 1016 1017 1018 1019 1020 1021 1022 1024 1025 1027
 1028 1029 1030 1031 1032 1033 1034 1035 1036 1037 1038 1039 1040 1041
 1042 1043 1044 1045 1046 1047 1048 1049 1050 1051 1053 1054 1055 1056
 1057 1058 1059 1060 1061 1062 1063 1064 1066 1067 1068 1069 1070 1071
 1072 1073 1074 1075 1076 1077 1078 1080 1081 1082 1083 1084 1085 1086
 1087 1088 1090 1091 1092 1093 1094 1095 1096 1097 1099 1101 1102 1104
 1105 1106 1107 1108 1109 1110 1111 1112 1113 1114 1115 1116 1117 1119
 1120 1122 1123 1124 1125 1126 1127 1128 1129 1130 1131 1132 1133 1134
 1136 1137] [   0    2   11   13   19   20   21   27   43   51   66   72   79   85
   91   97  100  117  121  124  148  159  163  193  211  224  236  241
  242  246  253  264  267  268  274  280  300  304  305  314  326  328
  332  362  365  368  377  402  405  407  434  437  438  439  471  488
  489  493  499  542  548  567  575  576  592  600  603  628  634  642
  650  672  675  681  708  731  732  738  740  768  769  776  790  802
  808  815  824  828  831  852  868  884  909  913  937  946  948  952
  955  989  994 1004 1023 1026 1052 1065 1079 1089 1098 1100 1103 1118
 1121 1135]
[   0    1    2    3    4    5    6    7    8    9   10   11   12   13
   14   15   16   17   18   19   20   21   22   23   24   25   26   27
   28   29   31   32   33   34   35   36   37   38   39   40   41   42
   43   44   46   47   48   51   52   53   54   55   56   57   58   59
   60   61   62   63   64   65   66   67   68   69   71   72   73   74
   75   77   79   80   81   82   83   84   85   86   87   88   89   90
   91   92   94   95   96   97   98   99  100  101  102  103  104  105
  106  107  108  110  111  112  113  114  115  116  117  118  120  121
  122  123  124  125  127  128  129  130  131  132  133  134  135  136
  138  139  141  142  144  145  146  147  148  149  150  151  152  153
  154  155  156  157  158  159  160  161  162  163  164  165  166  167
  168  169  170  172  173  174  175  176  177  178  179  180  181  182
  183  185  186  187  188  189  190  191  193  195  198  199  201  202
  203  204  205  206  207  208  209  210  211  212  213  214  215  216
  217  219  222  224  225  226  227  228  229  230  231  232  233  234
  235  236  237  238  239  240  241  242  243  244  245  246  247  248
  250  251  252  253  254  255  256  257  259  260  261  263  264  265
  267  268  270  271  272  273  274  275  277  278  279  280  281  283
  285  286  287  288  289  290  291  292  294  295  296  297  298  299
  300  301  303  304  305  306  307  309  310  311  312  313  314  316
  318  319  320  321  322  323  324  325  326  328  329  330  331  332
  333  334  335  336  337  338  339  340  342  343  344  345  346  348
  349  350  351  352  353  354  355  356  357  358  359  360  361  362
  363  364  365  366  367  368  369  370  371  372  373  374  375  376
  377  378  379  380  381  382  383  386  387  388  389  390  391  392
  393  394  395  396  397  398  399  400  402  403  404  405  406  407
  408  410  411  412  413  414  415  416  417  418  419  420  421  422
  423  424  425  426  427  428  429  430  431  432  433  434  435  436
  437  438  439  440  441  442  443  444  445  446  447  448  449  450
  451  452  453  454  455  456  457  458  459  460  461  462  463  465
  467  468  469  470  471  472  473  474  475  477  478  479  480  481
  482  483  485  486  487  488  489  492  493  494  495  497  498  499
  500  501  502  503  504  505  506  507  508  509  510  511  512  513
  515  516  519  520  521  522  523  524  525  526  527  528  529  530
  532  533  534  535  536  537  538  539  540  541  542  544  545  547
  548  549  550  551  552  554  555  556  558  559  560  561  562  563
  564  565  566  567  568  569  570  571  572  573  574  575  576  577
  578  579  580  581  582  583  584  585  586  587  588  589  590  592
  593  595  596  597  598  599  600  601  602  603  605  607  608  609
  610  611  613  614  615  617  619  620  621  622  624  625  626  627
  628  629  630  631  632  633  634  635  636  637  638  639  640  642
  643  644  645  646  647  648  649  650  651  652  653  654  655  656
  658  659  660  661  662  663  664  665  666  667  668  669  670  671
  672  673  674  675  676  677  678  679  681  682  683  684  686  687
  688  689  690  691  692  693  694  695  696  697  698  699  700  701
  702  703  704  705  706  707  708  709  710  711  712  713  714  715
  716  717  718  719  721  722  723  724  725  726  727  728  729  730
  731  732  733  734  735  736  737  738  739  740  742  743  744  745
  746  747  748  749  750  751  752  753  754  755  757  759  760  761
  762  763  764  765  766  767  768  769  770  772  773  774  775  776
  778  779  780  781  782  783  784  786  787  788  789  790  791  792
  793  794  795  796  797  798  800  801  802  803  804  805  806  807
  808  809  810  811  813  814  815  816  817  819  821  822  824  825
  826  827  828  831  832  833  834  836  837  838  839  840  841  842
  843  844  845  846  847  848  849  850  851  852  853  854  855  856
  857  858  859  860  861  862  863  864  865  866  867  868  869  870
  871  872  873  874  875  876  877  879  880  882  883  884  885  886
  887  888  889  890  891  892  893  894  895  896  897  898  900  901
  902  903  904  905  906  907  908  909  910  911  913  914  915  917
  918  919  920  921  922  923  924  925  926  927  928  929  930  931
  932  933  935  936  937  938  939  940  941  943  944  945  946  947
  948  949  950  951  952  953  954  955  956  957  958  959  961  962
  963  964  965  966  968  969  970  971  972  973  974  975  976  977
  978  979  980  981  983  985  986  988  989  990  992  994  995  996
  997  998  999 1000 1001 1002 1003 1004 1005 1006 1007 1008 1009 1010
 1011 1012 1013 1014 1015 1016 1017 1018 1019 1020 1021 1022 1023 1024
 1025 1026 1027 1029 1031 1032 1033 1034 1036 1037 1038 1039 1040 1041
 1042 1043 1044 1045 1046 1047 1048 1049 1051 1052 1053 1054 1055 1056
 1057 1058 1059 1060 1061 1062 1063 1064 1065 1067 1068 1069 1070 1071
 1072 1073 1074 1075 1076 1077 1078 1079 1080 1082 1083 1084 1085 1086
 1087 1088 1089 1090 1091 1092 1094 1095 1096 1098 1099 1100 1101 1103
 1104 1105 1106 1107 1108 1109 1110 1111 1112 1113 1114 1115 1116 1117
 1118 1119 1120 1121 1123 1125 1127 1129 1130 1131 1132 1133 1134 1135
 1136 1137] [  30   45   49   50   70   76   78   93  109  119  126  137  140  143
  171  184  192  194  196  197  200  218  220  221  223  249  258  262
  266  269  276  282  284  293  302  308  315  317  327  341  347  384
  385  401  409  464  466  476  484  490  491  496  514  517  518  531
  543  546  553  557  591  594  604  606  612  616  618  623  641  657
  680  685  720  741  756  758  771  777  785  799  812  818  820  823
  829  830  835  878  881  899  912  916  934  942  960  967  982  984
  987  991  993 1028 1030 1035 1050 1066 1081 1093 1097 1102 1122 1124
 1126 1128]
[   0    1    2    3    4    5    6    7    8    9   10   11   12   13
   14   15   16   17   18   19   20   21   22   23   24   25   26   27
   28   29   30   31   32   33   34   35   36   37   38   39   40   41
   42   43   45   46   47   48   49   50   51   52   53   54   55   56
   57   58   60   61   62   63   65   66   68   70   71   72   75   76
   77   78   79   80   81   82   83   84   85   87   88   89   90   91
   92   93   94   96   97   98   99  100  101  102  103  104  106  107
  108  109  111  112  113  114  115  116  117  118  119  121  122  123
  124  125  126  127  128  130  131  132  133  135  136  137  138  139
  140  141  143  144  145  146  147  148  150  151  152  154  155  156
  157  158  159  160  162  163  164  165  166  167  168  169  170  171
  172  173  174  175  176  177  178  179  180  181  182  183  184  185
  186  187  189  190  191  192  193  194  195  196  197  198  199  200
  201  202  204  205  206  207  208  209  210  211  213  214  216  217
  218  219  220  221  223  224  225  226  227  229  230  231  232  233
  234  235  236  237  238  239  240  241  242  243  244  246  247  248
  249  250  251  252  253  254  255  256  257  258  259  261  262  263
  264  265  266  267  268  269  271  272  273  274  275  276  277  278
  279  280  281  282  283  284  285  286  288  289  290  291  292  293
  294  296  297  298  299  300  301  302  303  304  305  307  308  310
  311  312  313  314  315  316  317  318  319  320  321  322  324  325
  326  327  328  329  330  331  332  333  334  335  336  337  338  339
  340  341  343  344  345  347  348  349  350  351  352  353  354  355
  356  357  358  359  360  361  362  363  364  365  366  367  368  369
  370  371  373  374  375  376  377  378  379  380  381  382  384  385
  386  387  389  390  392  393  396  397  398  399  400  401  402  403
  404  405  406  407  409  410  412  413  414  416  417  418  419  421
  422  423  424  425  426  427  428  429  430  431  432  433  434  435
  436  437  438  439  440  441  442  444  446  447  448  449  450  451
  454  455  457  458  459  460  461  462  463  464  465  466  467  468
  469  470  471  472  473  474  476  477  478  479  480  481  482  483
  484  485  486  487  488  489  490  491  492  493  494  495  496  497
  498  499  500  501  502  503  505  507  509  510  511  512  514  515
  516  517  518  519  520  522  523  525  526  527  528  529  530  531
  532  533  534  536  538  539  540  541  542  543  544  545  546  547
  548  549  550  551  552  553  554  555  556  557  559  560  561  562
  563  564  565  566  567  568  570  571  572  574  575  576  578  579
  580  582  583  584  585  587  588  589  590  591  592  593  594  595
  596  597  598  599  600  602  603  604  605  606  607  608  609  610
  611  612  613  614  616  617  618  619  620  621  622  623  624  625
  626  627  628  629  630  631  632  633  634  635  636  637  638  639
  640  641  642  643  644  645  646  647  648  649  650  651  652  653
  654  655  657  658  659  660  661  662  663  665  666  667  669  670
  672  673  674  675  676  677  679  680  681  682  683  684  685  687
  688  689  690  691  692  693  694  696  697  698  699  700  701  702
  703  704  705  706  707  708  709  710  713  714  715  716  717  718
  719  720  721  722  723  724  725  726  727  728  730  731  732  733
  734  735  736  737  738  739  740  741  742  743  744  745  746  747
  749  750  751  752  753  754  755  756  758  759  760  761  762  763
  764  765  766  767  768  769  770  771  772  773  774  776  777  778
  779  780  781  782  783  784  785  786  787  788  789  790  791  792
  793  794  795  796  797  798  799  800  802  803  806  807  808  809
  810  811  812  813  814  815  816  817  818  819  820  821  822  823
  824  825  826  827  828  829  830  831  832  833  835  837  838  839
  840  841  842  843  844  845  846  847  848  849  850  851  852  853
  854  855  856  857  858  859  860  861  862  863  864  865  866  867
  868  869  870  871  872  874  875  876  877  878  879  880  881  882
  883  884  885  886  887  888  889  890  891  892  893  894  895  896
  897  898  899  901  902  903  904  905  906  907  908  909  911  912
  913  915  916  917  919  920  922  923  924  925  926  927  928  929
  930  931  932  934  935  936  937  938  939  940  941  942  943  944
  945  946  947  948  949  952  953  954  955  956  957  958  959  960
  961  963  964  965  966  967  968  969  970  971  972  973  974  975
  976  977  981  982  983  984  985  986  987  988  989  990  991  992
  993  994  995  996  997  998  999 1001 1003 1004 1005 1006 1007 1008
 1009 1010 1011 1012 1013 1014 1016 1018 1020 1021 1022 1023 1024 1026
 1027 1028 1029 1030 1031 1032 1033 1034 1035 1037 1038 1040 1041 1042
 1043 1044 1046 1048 1049 1050 1051 1052 1053 1054 1055 1056 1057 1060
 1061 1062 1063 1064 1065 1066 1067 1068 1070 1072 1073 1074 1076 1077
 1078 1079 1080 1081 1082 1083 1084 1086 1087 1088 1089 1090 1091 1092
 1093 1094 1095 1096 1097 1098 1099 1100 1101 1102 1103 1104 1105 1106
 1107 1108 1109 1110 1111 1112 1113 1114 1115 1116 1117 1118 1119 1120
 1121 1122 1123 1124 1125 1126 1127 1128 1129 1130 1132 1133 1134 1135
 1136 1137] [  44   59   64   67   69   73   74   86   95  105  110  120  129  134
  142  149  153  161  188  203  212  215  222  228  245  260  270  287
  295  306  309  323  342  346  372  383  388  391  394  395  408  411
  415  420  443  445  452  453  456  475  504  506  508  513  521  524
  535  537  558  569  573  577  581  586  601  615  656  664  668  671
  678  686  695  711  712  729  748  757  775  801  804  805  834  836
  873  900  910  914  918  921  933  950  951  962  978  979  980 1000
 1002 1015 1017 1019 1025 1036 1039 1045 1047 1058 1059 1069 1071 1075
 1085 1131]
[   0    1    2    3    5    6    7    8    9   10   11   12   13   14
   15   16   17   18   19   20   21   22   23   24   25   26   27   28
   29   30   31   32   33   34   35   36   37   38   39   40   41   43
   44   45   46   48   49   50   51   52   54   55   56   57   58   59
   60   61   62   63   64   65   66   67   68   69   70   71   72   73
   74   76   77   78   79   80   81   82   83   84   85   86   87   88
   90   91   92   93   94   95   96   97   98   99  100  101  102  104
  105  106  107  108  109  110  111  112  113  114  115  117  118  119
  120  121  122  123  124  125  126  127  128  129  130  131  132  134
  136  137  138  139  140  141  142  143  144  145  146  147  148  149
  150  151  153  154  156  157  158  159  160  161  163  164  165  166
  167  168  169  170  171  172  173  174  175  177  179  181  184  185
  186  188  190  191  192  193  194  195  196  197  198  199  200  201
  202  203  204  205  206  207  208  210  211  212  213  214  215  216
  218  220  221  222  223  224  225  226  227  228  229  231  232  233
  234  236  237  238  241  242  243  244  245  246  248  249  250  251
  252  253  254  255  256  257  258  260  261  262  263  264  265  266
  267  268  269  270  271  272  273  274  276  277  278  279  280  281
  282  284  285  286  287  288  289  293  295  296  297  298  299  300
  301  302  303  304  305  306  308  309  310  311  312  313  314  315
  316  317  318  319  320  321  322  323  325  326  327  328  329  330
  332  333  334  335  336  337  338  339  341  342  343  344  346  347
  349  350  352  354  357  358  359  361  362  363  364  365  366  367
  368  369  370  371  372  373  374  375  377  378  379  381  382  383
  384  385  386  388  389  390  391  392  393  394  395  397  398  399
  400  401  402  403  404  405  406  407  408  409  410  411  413  414
  415  416  417  419  420  421  423  425  426  427  428  430  431  432
  433  434  435  436  437  438  439  440  441  442  443  444  445  446
  447  448  449  450  451  452  453  455  456  457  458  459  460  461
  462  463  464  465  466  468  469  470  471  473  474  475  476  477
  478  479  480  483  484  485  486  488  489  490  491  492  493  494
  495  496  498  499  500  501  502  504  506  508  509  510  511  512
  513  514  515  516  517  518  519  520  521  523  524  525  526  527
  528  529  530  531  533  534  535  536  537  538  539  540  541  542
  543  544  545  546  547  548  549  550  552  553  554  555  556  557
  558  559  560  561  562  563  565  566  567  568  569  570  571  572
  573  574  575  576  577  579  580  581  583  584  585  586  587  588
  589  590  591  592  593  594  595  596  597  598  599  600  601  602
  603  604  605  606  607  608  609  610  611  612  613  614  615  616
  617  618  619  620  621  622  623  625  626  627  628  629  630  631
  632  633  634  635  636  638  639  640  641  642  643  644  645  646
  647  649  650  651  652  653  654  655  656  657  658  659  660  661
  662  663  664  665  666  667  668  669  670  671  672  673  674  675
  676  677  678  679  680  681  682  683  684  685  686  687  688  689
  690  691  692  693  694  695  696  697  699  700  701  702  703  704
  705  706  707  708  709  710  711  712  713  715  716  717  718  719
  720  721  722  723  724  725  726  727  728  729  730  731  732  733
  736  737  738  740  741  742  743  744  745  747  748  749  750  751
  752  753  754  755  756  757  758  759  760  761  763  764  765  766
  768  769  770  771  772  773  774  775  776  777  778  779  780  781
  782  783  784  785  786  787  788  789  790  791  792  793  794  795
  796  797  798  799  800  801  802  803  804  805  806  807  808  809
  811  812  813  814  815  816  817  818  819  820  821  822  823  824
  825  826  827  828  829  830  831  832  833  834  835  836  837  838
  839  840  841  843  844  845  846  848  850  851  852  853  854  855
  857  859  860  861  862  863  864  865  866  868  869  870  872  873
  875  876  877  878  879  880  881  882  883  884  885  886  887  888
  890  892  893  894  895  896  897  899  900  901  902  903  904  905
  906  907  908  909  910  911  912  913  914  915  916  918  919  920
  921  922  923  924  926  927  928  929  930  931  932  933  934  935
  936  937  938  939  940  941  942  943  944  945  946  947  948  949
  950  951  952  953  954  955  956  957  959  960  961  962  963  964
  965  967  968  969  970  972  973  974  975  976  977  978  979  980
  981  982  983  984  985  987  988  989  990  991  993  994  995  996
  997  998  999 1000 1001 1002 1003 1004 1006 1008 1009 1010 1011 1012
 1013 1014 1015 1016 1017 1018 1019 1021 1022 1023 1024 1025 1026 1027
 1028 1029 1030 1031 1032 1033 1034 1035 1036 1037 1038 1039 1040 1041
 1042 1043 1044 1045 1046 1047 1048 1049 1050 1051 1052 1053 1054 1055
 1056 1057 1058 1059 1060 1061 1063 1064 1065 1066 1067 1068 1069 1071
 1072 1073 1074 1075 1076 1078 1079 1081 1082 1084 1085 1086 1087 1088
 1089 1090 1093 1094 1095 1096 1097 1098 1099 1100 1102 1103 1104 1105
 1106 1107 1108 1109 1110 1111 1112 1113 1114 1116 1117 1118 1119 1120
 1121 1122 1124 1125 1126 1127 1128 1129 1130 1131 1132 1133 1134 1135
 1136 1137] [   4   42   47   53   75   89  103  116  133  135  152  155  162  176
  178  180  182  183  187  189  209  217  219  230  235  239  240  247
  259  275  283  290  291  292  294  307  324  331  340  345  348  351
  353  355  356  360  376  380  387  396  412  418  422  424  429  454
  467  472  481  482  487  497  503  505  507  522  532  551  564  578
  582  624  637  648  698  714  734  735  739  746  762  767  810  842
  847  849  856  858  867  871  874  889  891  898  917  925  958  966
  971  986  992 1005 1007 1020 1062 1070 1077 1080 1083 1091 1092 1101
 1115 1123]
[   0    1    2    3    4    5    6    7    8    9   10   11   12   13
   14   15   16   17   18   19   20   21   22   23   24   25   27   28
   29   30   31   32   33   35   37   38   39   40   41   42   43   44
   45   46   47   48   49   50   51   52   53   55   58   59   63   64
   65   66   67   69   70   71   72   73   74   75   76   77   78   79
   80   81   82   83   84   85   86   87   88   89   90   91   92   93
   94   95   96   97   99  100  101  102  103  104  105  107  108  109
  110  111  112  113  114  115  116  117  119  120  121  122  123  124
  125  126  127  129  130  131  132  133  134  135  137  138  139  140
  141  142  143  144  145  146  147  148  149  150  151  152  153  154
  155  157  158  159  160  161  162  163  164  165  166  167  168  169
  170  171  172  173  174  175  176  177  178  179  180  182  183  184
  185  187  188  189  190  191  192  193  194  195  196  197  198  200
  203  204  208  209  210  211  212  213  214  215  216  217  218  219
  220  221  222  223  224  226  227  228  229  230  232  233  234  235
  236  237  238  239  240  241  242  243  244  245  246  247  248  249
  250  251  253  254  257  258  259  260  261  262  263  264  266  267
  268  269  270  271  272  273  274  275  276  277  278  279  280  281
  282  283  284  285  286  287  288  289  290  291  292  293  294  295
  296  298  299  300  302  303  304  305  306  307  308  309  310  311
  312  313  314  315  316  317  318  319  320  321  322  323  324  325
  326  327  328  329  330  331  332  333  334  335  336  337  338  339
  340  341  342  343  344  345  346  347  348  350  351  352  353  354
  355  356  357  358  359  360  361  362  364  365  366  367  368  370
  371  372  373  374  375  376  377  378  379  380  381  382  383  384
  385  386  387  388  389  390  391  392  393  394  395  396  397  398
  399  400  401  402  403  404  405  406  407  408  409  410  411  412
  414  415  416  417  418  419  420  422  423  424  425  426  427  428
  429  430  431  432  434  435  436  437  438  439  440  441  442  443
  445  446  447  449  451  452  453  454  455  456  457  462  463  464
  465  466  467  468  470  471  472  473  474  475  476  477  478  479
  480  481  482  483  484  485  486  487  488  489  490  491  492  493
  494  495  496  497  498  499  500  501  502  503  504  505  506  507
  508  509  510  513  514  515  517  518  519  520  521  522  523  524
  525  526  527  530  531  532  533  534  535  536  537  538  539  540
  541  542  543  544  546  547  548  549  550  551  552  553  554  555
  556  557  558  560  561  563  564  565  567  568  569  570  571  572
  573  574  575  576  577  578  579  580  581  582  584  585  586  587
  588  590  591  592  593  594  595  596  597  598  599  600  601  603
  604  605  606  607  608  609  610  611  612  613  614  615  616  618
  619  620  621  622  623  624  625  626  627  628  629  630  631  632
  633  634  636  637  638  639  640  641  642  643  644  645  646  648
  649  650  651  652  653  654  656  657  658  659  660  661  662  663
  664  665  666  667  668  670  671  672  673  675  676  677  678  679
  680  681  682  684  685  686  687  689  690  691  692  693  694  695
  696  697  698  699  701  702  703  704  705  706  707  708  709  710
  711  712  713  714  715  717  718  719  720  721  722  724  725  726
  727  728  729  731  732  733  734  735  736  737  738  739  740  741
  742  743  745  746  747  748  750  751  752  753  754  756  757  758
  759  760  761  762  763  764  765  766  767  768  769  770  771  772
  773  774  775  776  777  778  779  780  781  782  783  785  786  787
  788  789  790  792  793  794  795  797  798  799  800  801  802  803
  804  805  806  808  809  810  812  814  815  816  818  820  821  823
  824  825  828  829  830  831  832  833  834  835  836  838  839  840
  841  842  843  844  846  847  848  849  850  851  852  854  855  856
  857  858  859  861  862  863  864  865  866  867  868  869  870  871
  873  874  875  876  877  878  879  880  881  882  883  884  885  886
  888  889  890  891  893  895  896  898  899  900  901  902  903  904
  905  906  907  908  909  910  911  912  913  914  916  917  918  919
  920  921  923  924  925  926  927  928  929  930  931  932  933  934
  935  936  937  938  939  940  941  942  943  946  948  950  951  952
  953  954  955  956  957  958  959  960  962  963  964  965  966  967
  968  969  970  971  972  973  974  975  976  977  978  979  980  981
  982  983  984  985  986  987  988  989  990  991  992  993  994  995
  996  997  999 1000 1001 1002 1003 1004 1005 1006 1007 1008 1010 1011
 1012 1013 1015 1017 1018 1019 1020 1021 1022 1023 1024 1025 1026 1027
 1028 1029 1030 1031 1032 1033 1034 1035 1036 1037 1038 1039 1040 1041
 1042 1043 1044 1045 1046 1047 1048 1049 1050 1052 1053 1054 1055 1057
 1058 1059 1060 1061 1062 1063 1064 1065 1066 1067 1068 1069 1070 1071
 1072 1073 1075 1076 1077 1078 1079 1080 1081 1082 1083 1084 1085 1086
 1087 1088 1089 1090 1091 1092 1093 1094 1095 1097 1098 1099 1100 1101
 1102 1103 1104 1106 1107 1108 1110 1112 1113 1114 1115 1117 1118 1119
 1121 1122 1123 1124 1125 1126 1127 1128 1129 1130 1131 1132 1133 1135
 1136 1137] [  26   34   36   54   56   57   60   61   62   68   98  106  118  128
  136  156  181  186  199  201  202  205  206  207  225  231  252  255
  256  265  297  301  349  363  369  413  421  433  444  448  450  458
  459  460  461  469  511  512  516  528  529  545  559  562  566  583
  589  602  617  635  647  655  669  674  683  688  700  716  723  730
  744  749  755  784  791  796  807  811  813  817  819  822  826  827
  837  845  853  860  872  887  892  894  897  915  922  944  945  947
  949  961  998 1009 1014 1016 1051 1056 1074 1096 1105 1109 1111 1116
 1120 1134]
[   0    2    3    4    5    6    7    8    9   10   11   12   13   14
   16   17   18   19   20   21   22   23   24   25   26   27   30   31
   32   33   34   35   36   37   39   40   41   42   43   44   45   46
   47   48   49   50   51   52   53   54   56   57   58   59   60   61
   62   64   65   66   67   68   69   70   71   72   73   74   75   76
   77   78   79   80   81   82   83   84   85   86   87   88   89   90
   91   92   93   94   95   96   97   98   99  100  102  103  104  105
  106  107  108  109  110  111  112  113  114  116  117  118  119  120
  121  122  124  125  126  127  128  129  130  131  132  133  134  135
  136  137  138  139  140  141  142  143  144  145  146  147  148  149
  151  152  153  155  156  159  160  161  162  163  164  165  167  169
  170  171  172  173  174  175  176  178  180  181  182  183  184  185
  186  187  188  189  191  192  193  194  195  196  197  198  199  200
  201  202  203  204  205  206  207  208  209  210  211  212  214  215
  216  217  218  219  220  221  222  223  224  225  226  227  228  230
  231  233  234  235  236  237  238  239  240  241  242  244  245  246
  247  248  249  250  251  252  253  254  255  256  257  258  259  260
  261  262  263  264  265  266  267  268  269  270  271  272  273  274
  275  276  277  278  279  280  281  282  283  284  285  286  287  288
  289  290  291  292  293  294  295  296  297  298  299  300  301  302
  303  304  305  306  307  308  309  310  311  312  313  314  315  317
  318  319  320  321  322  323  324  326  327  328  331  332  333  334
  335  336  337  338  340  341  342  343  344  345  346  347  348  349
  351  353  354  355  356  357  358  360  361  362  363  365  366  367
  368  369  370  371  372  373  374  375  376  377  378  379  380  381
  382  383  384  385  387  388  389  390  391  392  393  394  395  396
  397  398  399  400  401  402  403  404  405  406  407  408  409  410
  411  412  413  414  415  416  417  418  419  420  421  422  423  424
  425  426  427  428  429  431  432  433  434  435  436  437  438  439
  440  441  442  443  444  445  446  447  448  449  450  451  452  453
  454  455  456  457  458  459  460  461  463  464  465  466  467  468
  469  470  471  472  474  475  476  477  479  481  482  483  484  485
  486  487  488  489  490  491  492  493  494  495  496  497  498  499
  501  502  503  504  505  506  507  508  509  510  511  512  513  514
  515  516  517  518  519  520  521  522  523  524  525  526  527  528
  529  530  531  532  533  534  535  537  538  539  540  542  543  544
  545  546  547  548  549  550  551  552  553  555  557  558  559  560
  561  562  563  564  565  566  567  568  569  570  571  572  573  574
  575  576  577  578  579  580  581  582  583  584  585  586  588  589
  590  591  592  593  594  595  596  597  599  600  601  602  603  604
  606  607  608  609  610  611  612  613  614  615  616  617  618  619
  620  621  622  623  624  626  627  628  629  632  633  634  635  636
  637  639  640  641  642  643  644  645  646  647  648  649  650  651
  653  655  656  657  658  659  660  662  663  664  665  666  667  668
  669  671  672  674  675  676  678  679  680  681  682  683  684  685
  686  687  688  689  690  691  692  693  694  695  696  697  698  699
  700  701  703  704  707  708  710  711  712  714  716  717  718  719
  720  721  722  723  724  726  727  728  729  730  731  732  734  735
  737  738  739  740  741  742  743  744  745  746  747  748  749  750
  751  753  755  756  757  758  759  760  761  762  763  765  766  767
  768  769  770  771  772  773  774  775  776  777  780  782  783  784
  785  789  790  791  792  794  795  796  797  799  800  801  802  803
  804  805  806  807  808  809  810  811  812  813  814  815  816  817
  818  819  820  821  822  823  824  826  827  828  829  830  831  832
  833  834  835  836  837  838  840  841  842  843  844  845  846  847
  848  849  851  852  853  854  855  856  857  858  859  860  861  862
  863  864  866  867  868  870  871  872  873  874  875  876  877  878
  880  881  883  884  885  887  888  889  891  892  893  894  895  897
  898  899  900  901  902  904  905  906  907  908  909  910  912  913
  914  915  916  917  918  919  920  921  922  923  924  925  926  927
  928  930  931  932  933  934  935  937  938  940  941  942  944  945
  946  947  948  949  950  951  952  954  955  956  957  958  960  961
  962  965  966  967  968  969  970  971  972  973  974  975  976  978
  979  980  981  982  983  984  985  986  987  989  990  991  992  993
  994  995  996  997  998 1000 1001 1002 1004 1005 1006 1007 1008 1009
 1010 1011 1013 1014 1015 1016 1017 1018 1019 1020 1021 1023 1024 1025
 1026 1027 1028 1030 1032 1033 1034 1035 1036 1037 1038 1039 1040 1041
 1042 1043 1044 1045 1046 1047 1049 1050 1051 1052 1053 1055 1056 1057
 1058 1059 1061 1062 1063 1064 1065 1066 1067 1068 1069 1070 1071 1072
 1073 1074 1075 1076 1077 1078 1079 1080 1081 1082 1083 1085 1086 1087
 1088 1089 1090 1091 1092 1093 1095 1096 1097 1098 1100 1101 1102 1103
 1104 1105 1106 1108 1109 1110 1111 1113 1114 1115 1116 1117 1118 1119
 1120 1121 1122 1123 1124 1125 1126 1128 1129 1130 1131 1132 1133 1134
 1135 1137] [   1   15   28   29   38   55   63  101  115  123  150  154  157  158
  166  168  177  179  190  213  229  232  243  316  325  329  330  339
  350  352  359  364  386  430  462  473  478  480  500  536  541  554
  556  587  598  605  625  630  631  638  652  654  661  670  673  677
  702  705  706  709  713  715  725  733  736  752  754  764  778  779
  781  786  787  788  793  798  825  839  850  865  869  879  882  886
  890  896  903  911  929  936  939  943  953  959  963  964  977  988
  999 1003 1012 1022 1029 1031 1048 1054 1060 1084 1094 1099 1107 1112
 1127 1136]
[   0    1    2    3    4    5    7    9   11   13   14   15   16   18
   19   20   21   22   24   25   26   27   28   29   30   32   34   35
   36   37   38   40   42   43   44   45   46   47   48   49   50   51
   52   53   54   55   56   57   58   59   60   61   62   63   64   65
   66   67   68   69   70   71   72   73   74   75   76   77   78   79
   80   81   82   83   84   85   86   87   88   89   90   91   92   93
   95   97   98   99  100  101  102  103  104  105  106  107  108  109
  110  111  112  113  114  115  116  117  118  119  120  121  122  123
  124  125  126  127  128  129  130  132  133  134  135  136  137  139
  140  142  143  144  145  146  147  148  149  150  151  152  153  154
  155  156  157  158  159  160  161  162  163  166  167  168  169  170
  171  172  173  174  175  176  177  178  179  180  181  182  183  184
  186  187  188  189  190  191  192  193  194  195  196  197  198  199
  200  201  202  203  205  206  207  209  211  212  213  214  215  216
  217  218  219  220  221  222  223  224  225  228  229  230  231  232
  233  235  236  238  239  240  241  242  243  244  245  246  247  248
  249  250  251  252  253  254  255  256  257  258  259  260  261  262
  264  265  266  267  268  269  270  271  273  274  275  276  277  278
  279  280  281  282  283  284  285  286  287  288  289  290  291  292
  293  294  295  296  297  298  299  300  301  302  304  305  306  307
  308  309  312  314  315  316  317  318  319  320  322  323  324  325
  326  327  328  329  330  331  332  334  336  337  339  340  341  342
  343  344  345  346  347  348  349  350  351  352  353  354  355  356
  357  359  360  361  362  363  364  365  366  367  368  369  372  373
  374  375  376  377  380  382  383  384  385  386  387  388  389  390
  391  392  393  394  395  396  397  398  399  400  401  402  403  404
  405  406  407  408  409  410  411  412  413  414  415  416  417  418
  419  420  421  422  423  424  425  426  427  429  430  431  432  433
  434  435  437  438  439  440  441  442  443  444  445  446  447  448
  449  450  451  452  453  454  456  457  458  459  460  461  462  463
  464  465  466  467  468  469  470  471  472  473  475  476  478  479
  480  481  482  484  485  486  487  488  489  490  491  492  493  494
  495  496  497  498  499  500  502  503  504  505  506  507  508  510
  511  512  513  514  516  517  518  519  521  522  523  524  525  526
  528  529  530  531  532  533  534  535  536  537  539  540  541  542
  543  544  545  546  548  549  550  551  552  553  554  556  557  558
  559  561  562  563  564  565  566  567  569  570  571  572  573  574
  575  576  577  578  579  581  582  583  584  585  586  587  588  589
  590  591  592  593  594  595  596  598  599  600  601  602  603  604
  605  606  607  608  611  612  613  614  615  616  617  618  619  620
  623  624  625  626  627  628  629  630  631  633  634  635  636  637
  638  639  640  641  642  643  644  645  646  647  648  649  650  651
  652  654  655  656  657  658  659  660  661  662  663  664  665  666
  668  669  670  671  672  673  674  675  676  677  678  679  680  681
  682  683  684  685  686  687  688  690  691  692  695  696  698  699
  700  701  702  703  704  705  706  707  708  709  710  711  712  713
  714  715  716  717  718  719  720  721  722  723  725  726  728  729
  730  731  732  733  734  735  736  737  738  739  740  741  742  744
  745  746  748  749  750  751  752  753  754  755  756  757  758  759
  760  762  763  764  765  766  767  768  769  771  772  773  774  775
  776  777  778  779  780  781  782  783  784  785  786  787  788  789
  790  791  792  793  795  796  798  799  800  801  802  804  805  806
  807  808  809  810  811  812  813  815  816  817  818  819  820  821
  822  823  824  825  826  827  828  829  830  831  832  833  834  835
  836  837  838  839  840  841  842  845  847  848  849  850  851  852
  853  855  856  857  858  859  860  861  864  865  866  867  868  869
  871  872  873  874  877  878  879  881  882  884  885  886  887  888
  889  890  891  892  893  894  895  896  897  898  899  900  901  902
  903  905  906  907  909  910  911  912  913  914  915  916  917  918
  919  920  921  922  923  924  925  927  928  929  930  931  932  933
  934  935  936  937  939  940  942  943  944  945  946  947  948  949
  950  951  952  953  955  956  957  958  959  960  961  962  963  964
  965  966  967  968  969  970  971  973  974  975  976  977  978  979
  980  981  982  983  984  986  987  988  989  990  991  992  993  994
  995  997  998  999 1000 1001 1002 1003 1004 1005 1007 1008 1009 1010
 1011 1012 1013 1014 1015 1016 1017 1018 1019 1020 1022 1023 1024 1025
 1026 1027 1028 1029 1030 1031 1032 1034 1035 1036 1037 1039 1040 1041
 1042 1043 1045 1046 1047 1048 1050 1051 1052 1053 1054 1055 1056 1057
 1058 1059 1060 1061 1062 1063 1064 1065 1066 1067 1068 1069 1070 1071
 1072 1074 1075 1076 1077 1078 1079 1080 1081 1082 1083 1084 1085 1086
 1087 1088 1089 1090 1091 1092 1093 1094 1096 1097 1098 1099 1100 1101
 1102 1103 1105 1106 1107 1108 1109 1110 1111 1112 1115 1116 1117 1118
 1119 1120 1121 1122 1123 1124 1125 1126 1127 1128 1129 1130 1131 1133
 1134 1135 1136] [   6    8   10   12   17   23   31   33   39   41   94   96  131  138
  141  164  165  185  204  208  210  226  227  234  237  263  272  303
  310  311  313  321  333  335  338  358  370  371  378  379  381  428
  436  455  474  477  483  501  509  515  520  527  538  547  555  560
  568  580  597  609  610  621  622  632  653  667  689  693  694  697
  724  727  743  747  761  770  794  797  803  814  843  844  846  854
  862  863  870  875  876  880  883  904  908  926  938  941  954  972
  985  996 1006 1021 1033 1038 1044 1049 1073 1095 1104 1113 1114 1132
 1137]
[   0    1    2    3    4    5    6    7    8   10   11   12   13   15
   16   17   19   20   21   22   23   24   26   27   28   29   30   31
   33   34   35   36   38   39   40   41   42   43   44   45   46   47
   49   50   51   52   53   54   55   56   57   59   60   61   62   63
   64   65   66   67   68   69   70   72   73   74   75   76   77   78
   79   80   81   83   84   85   86   87   88   89   91   92   93   94
   95   96   97   98   99  100  101  103  104  105  106  108  109  110
  112  113  114  115  116  117  118  119  120  121  122  123  124  125
  126  127  128  129  131  133  134  135  136  137  138  139  140  141
  142  143  144  147  148  149  150  152  153  154  155  156  157  158
  159  161  162  163  164  165  166  167  168  169  170  171  172  173
  174  175  176  177  178  179  180  181  182  183  184  185  186  187
  188  189  190  192  193  194  195  196  197  198  199  200  201  202
  203  204  205  206  207  208  209  210  211  212  213  215  216  217
  218  219  220  221  222  223  224  225  226  227  228  229  230  231
  232  233  234  235  236  237  239  240  241  242  243  244  245  246
  247  248  249  250  251  252  253  254  255  256  258  259  260  261
  262  263  264  265  266  267  268  269  270  272  274  275  276  277
  278  279  280  281  282  283  284  285  286  287  288  290  291  292
  293  294  295  296  297  298  299  300  301  302  303  304  305  306
  307  308  309  310  311  312  313  314  315  316  317  318  320  321
  322  323  324  325  326  327  328  329  330  331  332  333  335  336
  338  339  340  341  342  343  344  345  346  347  348  349  350  351
  352  353  355  356  358  359  360  361  362  363  364  365  366  367
  368  369  370  371  372  373  375  376  377  378  379  380  381  382
  383  384  385  386  387  388  391  392  393  394  395  396  398  400
  401  402  404  405  406  407  408  409  410  411  412  413  414  415
  416  417  418  419  420  421  422  423  424  425  426  427  428  429
  430  431  433  434  435  436  437  438  439  441  443  444  445  446
  447  448  449  450  451  452  453  454  455  456  457  458  459  460
  461  462  464  465  466  467  469  471  472  473  474  475  476  477
  478  479  480  481  482  483  484  485  486  487  488  489  490  491
  493  494  495  496  497  499  500  501  503  504  505  506  507  508
  509  510  511  512  513  514  515  516  517  518  519  520  521  522
  523  524  525  527  528  529  530  531  532  533  534  535  536  537
  538  541  542  543  544  545  546  547  548  549  550  551  552  553
  554  555  556  557  558  559  560  561  562  563  564  565  566  567
  568  569  570  571  573  574  575  576  577  578  579  580  581  582
  583  584  585  586  587  588  589  591  592  593  594  595  596  597
  598  600  601  602  603  604  605  606  607  608  609  610  611  612
  614  615  616  617  618  619  621  622  623  624  625  626  627  628
  630  631  632  633  634  635  637  638  639  640  641  642  645  646
  647  648  649  650  652  653  654  655  656  657  658  660  661  662
  663  664  665  666  667  668  669  670  671  672  673  674  675  676
  677  678  680  681  682  683  685  686  688  689  692  693  694  695
  697  698  699  700  701  702  703  705  706  707  708  709  710  711
  712  713  714  715  716  717  718  719  720  722  723  724  725  726
  727  728  729  730  731  732  733  734  735  736  738  739  740  741
  742  743  744  746  747  748  749  750  751  752  754  755  756  757
  758  759  760  761  762  763  764  766  767  768  769  770  771  772
  773  774  775  776  777  778  779  781  783  784  785  786  787  788
  790  791  793  794  796  797  798  799  801  802  803  804  805  806
  807  808  810  811  812  813  814  815  817  818  819  820  822  823
  824  825  826  827  828  829  830  831  834  835  836  837  839  842
  843  844  845  846  847  849  850  851  852  853  854  855  856  857
  858  859  860  862  863  865  866  867  868  869  870  871  872  873
  874  875  876  877  878  879  880  881  882  883  884  885  886  887
  889  890  891  892  894  895  896  897  898  899  900  901  902  903
  904  905  906  907  908  909  910  911  912  913  914  915  916  917
  918  919  920  921  922  923  925  926  928  929  930  931  932  933
  934  935  936  937  938  939  940  941  942  943  944  945  946  947
  948  949  950  951  952  953  954  955  956  957  958  959  960  961
  962  963  964  965  966  967  968  971  972  973  974  975  977  978
  979  980  982  983  984  985  986  987  988  989  990  991  992  993
  994  995  996  997  998  999 1000 1002 1003 1004 1005 1006 1007 1009
 1011 1012 1014 1015 1016 1017 1018 1019 1020 1021 1022 1023 1024 1025
 1026 1028 1029 1030 1031 1032 1033 1034 1035 1036 1037 1038 1039 1040
 1041 1043 1044 1045 1046 1047 1048 1049 1050 1051 1052 1054 1056 1058
 1059 1060 1061 1062 1063 1065 1066 1068 1069 1070 1071 1072 1073 1074
 1075 1076 1077 1079 1080 1081 1082 1083 1084 1085 1086 1087 1088 1089
 1091 1092 1093 1094 1095 1096 1097 1098 1099 1100 1101 1102 1103 1104
 1105 1107 1108 1109 1110 1111 1112 1113 1114 1115 1116 1117 1118 1119
 1120 1121 1122 1123 1124 1125 1126 1127 1128 1129 1131 1132 1133 1134
 1135 1136 1137] [   9   14   18   25   32   37   48   58   71   82   90  102  107  111
  130  132  145  146  151  160  191  214  238  257  271  273  289  319
  334  337  354  357  374  389  390  397  399  403  432  440  442  463
  468  470  492  498  502  526  539  540  572  590  599  613  620  629
  636  643  644  651  659  679  684  687  690  691  696  704  721  737
  745  753  765  780  782  789  792  795  800  809  816  821  832  833
  838  840  841  848  861  864  888  893  924  927  969  970  976  981
 1001 1008 1010 1013 1027 1042 1053 1055 1057 1064 1067 1078 1090 1106
 1130]
