[ 0  1  3  4  5  7  8 10 11 12 13 14 15 16 17 18 19 20 21 22 23 24 25 26
 27 28 29 31 32 33] [ 2  6  9 30]
[ 0  1  2  3  4  5  6  7  9 10 11 14 15 16 17 18 19 20 21 22 23 24 25 26
 28 29 30 31 32 33] [ 8 12 13 27]
[ 0  1  2  4  5  6  7  8  9 10 11 12 13 14 15 16 17 19 20 21 23 24 25 26
 27 28 30 31 32 33] [ 3 18 22 29]
[ 0  2  3  4  5  6  7  8  9 10 11 12 13 14 15 16 17 18 20 21 22 23 25 27
 28 29 30 31 32 33] [ 1 19 24 26]
[ 0  1  2  3  4  6  7  8  9 11 12 13 14 15 16 17 18 19 20 21 22 23 24 25
 26 27 28 29 30 31 33] [ 5 10 32]
[ 0  1  2  3  4  5  6  8  9 10 11 12 13 14 15 16 17 18 19 21 22 23 24 25
 26 27 29 30 31 32 33] [ 7 20 28]
[ 1  2  3  4  5  6  7  8  9 10 11 12 13 14 16 17 18 19 20 21 22 24 25 26
 27 28 29 30 31 32 33] [ 0 15 23]
[ 0  1  2  3  5  6  7  8  9 10 11 12 13 15 16 17 18 19 20 21 22 23 24 25
 26 27 28 29 30 32 33] [ 4 14 31]
[ 0  1  2  3  4  5  6  7  8  9 10 12 13 14 15 16 17 18 19 20 22 23 24 25
 26 27 28 29 30 31 32] [11 21 33]
[ 0  1  2  3  4  5  6  7  8  9 10 11 12 13 14 15 18 19 20 21 22 23 24 26
 27 28 29 30 31 32 33] [16 17 25]
