[  0   1   3   5   6   7   8   9  10  11  12  13  14  15  17  18  19  21
  23  24  25  26  27  28  29  30  31  32  33  34  35  36  37  38  39  40
  41  42  43  44  45  47  49  50  51  52  53  54  55  56  57  58  59  60
  61  62  63  64  65  66  67  68  69  70  71  73  74  75  77  78  79  80
  81  82  83  84  86  87  88  89  90  91  92  93  94  95  96  97  98  99
 100 101 102 103 104 105 106 107 108 109 110 111 112 113 117 118 119 120
 121 122 123 124 125 126 127] [  2   4  16  20  22  46  48  72  76  85 114 115 116]
[  0   1   2   3   4   5   6   8   9  10  12  14  15  16  17  18  20  21
  22  23  24  25  26  27  28  29  30  31  32  33  34  35  36  37  39  40
  41  42  43  44  45  46  47  48  49  50  51  52  53  55  56  57  58  59
  61  62  63  64  65  66  67  68  69  70  71  72  73  74  75  76  77  78
  80  82  83  85  86  87  89  90  91  92  93  94  95  96  97  98  99 100
 102 103 104 105 107 108 109 110 111 112 113 114 115 116 117 118 119 120
 121 122 123 124 125 126 127] [  7  11  13  19  38  54  60  79  81  84  88 101 106]
[  0   1   2   3   4   5   7   8   9  10  11  12  13  14  15  16  18  19
  20  21  22  23  24  26  27  28  29  30  31  32  34  35  36  37  38  39
  40  41  42  43  44  45  46  47  48  49  50  51  52  53  54  55  57  58
  60  61  62  63  64  65  66  67  68  69  70  71  72  73  74  75  76  77
  78  79  80  81  82  83  84  85  86  87  88  90  91  92  93  94  95  96
  98  99 100 101 103 104 105 106 107 108 109 111 112 113 114 115 116 117
 118 119 122 123 124 126 127] [  6  17  25  33  56  59  89  97 102 110 120 121 125]
[  0   1   2   3   4   5   6   7   8   9  10  11  12  13  14  16  17  18
  19  20  21  22  23  24  25  26  27  28  29  30  31  32  33  37  38  39
  40  41  42  43  44  45  46  48  49  50  51  53  54  56  57  58  59  60
  61  62  63  64  65  66  67  68  69  70  71  72  75  76  78  79  80  81
  82  83  84  85  86  87  88  89  90  91  92  93  94  96  97 100 101 102
 103 104 105 106 107 108 109 110 111 112 113 114 115 116 117 118 119 120
 121 122 123 124 125 126 127] [15 34 35 36 47 52 55 73 74 77 95 98 99]
[  0   1   2   3   4   5   6   7   8  11  12  13  15  16  17  18  19  20
  21  22  23  24  25  26  27  28  29  31  32  33  34  35  36  37  38  40
  41  42  44  45  46  47  48  49  50  51  52  53  54  55  56  57  58  59
  60  62  63  64  65  66  67  68  69  70  71  72  73  74  75  76  77  78
  79  80  81  82  84  85  86  87  88  89  90  91  94  95  96  97  98  99
 100 101 102 103 104 105 106 107 108 110 112 113 114 115 116 117 118 119
 120 121 122 123 124 125 127] [  9  10  14  30  39  43  61  83  92  93 109 111 126]
[  0   1   2   3   4   5   6   7   8   9  10  11  12  13  14  15  16  17
  19  20  21  22  23  25  26  27  28  29  30  31  32  33  34  35  36  37
  38  39  40  41  43  44  45  46  47  48  49  52  53  54  55  56  57  59
  60  61  62  63  64  65  66  67  68  69  70  71  72  73  74  76  77  78
  79  80  81  83  84  85  86  87  88  89  90  92  93  94  95  96  97  98
  99 100 101 102 104 105 106 108 109 110 111 112 113 114 115 116 117 118
 120 121 123 124 125 126 127] [ 18  24  42  50  51  58  75  82  91 103 107 119 122]
[  0   1   2   4   5   6   7   8   9  10  11  13  14  15  16  17  18  19
  20  21  22  23  24  25  26  27  28  29  30  32  33  34  35  36  37  38
  39  40  42  43  45  46  47  48  49  50  51  52  53  54  55  56  57  58
  59  60  61  63  64  65  66  67  68  70  71  72  73  74  75  76  77  78
  79  81  82  83  84  85  86  87  88  89  91  92  93  94  95  96  97  98
  99 100 101 102 103 104 105 106 107 109 110 111 112 114 115 116 118 119
 120 121 122 123 125 126 127] [  3  12  31  41  44  62  69  80  90 108 113 117 124]
[  0   1   2   3   4   5   6   7   8   9  10  11  12  13  14  15  16  17
  18  19  20  21  22  24  25  26  27  28  30  31  32  33  34  35  36  38
  39  40  41  42  43  44  46  47  48  50  51  52  53  54  55  56  57  58
  59  60  61  62  63  64  66  67  68  69  70  72  73  74  75  76  77  78
  79  80  81  82  83  84  85  87  88  89  90  91  92  93  95  96  97  98
  99 101 102 103 104 105 106 107 108 109 110 111 112 113 114 115 116 117
 119 120 121 122 124 125 126] [ 23  29  37  45  49  65  71  86  94 100 118 123 127]
[  1   2   3   4   5   6   7   8   9  10  11  12  13  14  15  16  17  18
  19  20  21  22  23  24  25  29  30  31  32  33  34  35  36  37  38  39
  40  41  42  43  44  45  46  47  48  49  50  51  52  54  55  56  58  59
  60  61  62  65  67  69  70  71  72  73  74  75  76  77  78  79  80  81
  82  83  84  85  86  88  89  90  91  92  93  94  95  96  97  98  99 100
 101 102 103 104 105 106 107 108 109 110 111 113 114 115 116 117 118 119
 120 121 122 123 124 125 126 127] [  0  26  27  28  53  57  63  64  66  68  87 112]
[  0   2   3   4   6   7   9  10  11  12  13  14  15  16  17  18  19  20
  22  23  24  25  26  27  28  29  30  31  33  34  35  36  37  38  39  41
  42  43  44  45  46  47  48  49  50  51  52  53  54  55  56  57  58  59
  60  61  62  63  64  65  66  68  69  71  72  73  74  75  76  77  79  80
  81  82  83  84  85  86  87  88  89  90  91  92  93  94  95  97  98  99
 100 101 102 103 106 107 108 109 110 111 112 113 114 115 116 117 118 119
 120 121 122 123 124 125 126 127] [  1   5   8  21  32  40  67  70  78  96 104 105]
