[ 0  1  3  4  5  6  7  8  9 10 11 13 14 15 16 17 19 20 21 22 23 24 25 26
 27 28] [ 2 12 18]
[ 1  2  3  4  5  6  7  8  9 10 11 12 13 14 15 16 17 18 19 20 22 23 25 26
 27 28] [ 0 21 24]
[ 0  1  2  3  5  6  7  8  9 10 11 12 13 14 15 16 17 18 21 22 23 24 25 26
 27 28] [ 4 19 20]
[ 0  1  2  3  4  5  7  8  9 10 11 12 13 14 15 16 17 18 19 20 21 22 24 25
 26 27] [ 6 23 28]
[ 0  1  2  3  4  6  7  9 11 12 13 14 15 16 17 18 19 20 21 22 23 24 25 26
 27 28] [ 5  8 10]
[ 0  2  3  4  5  6  7  8  9 10 11 12 14 15 16 17 18 19 20 21 22 23 24 25
 27 28] [ 1 13 26]
[ 0  1  2  3  4  5  6  8 10 11 12 13 14 15 17 18 19 20 21 22 23 24 25 26
 27 28] [ 7  9 16]
[ 0  1  2  4  5  6  7  8  9 10 11 12 13 14 15 16 18 19 20 21 23 24 25 26
 27 28] [ 3 17 22]
[ 0  1  2  3  4  5  6  7  8  9 10 11 12 13 16 17 18 19 20 21 22 23 24 25
 26 28] [14 15 27]
[ 0  1  2  3  4  5  6  7  8  9 10 12 13 14 15 16 17 18 19 20 21 22 23 24
 26 27 28] [11 25]
