[  0   1   2   3   4   5   6   7   9  10  12  13  14  15  16  17  18  19
  20  21  22  23  25  26  27  28  29  31  32  34  35  36  37  38  39  40
  41  42  43  44  45  46  47  48  50  51  53  54  55  56  57  58  60  61
  62  63  64  65  66  67  68  69  70  71  72  73  74  75  76  77  78  79
  80  81  82  83  84  86  88  89  90  91  92  93  94  95  96  97  98  99
 101 102 103 104 105 106 107] [  8  11  24  30  33  49  52  59  85  87 100]
[  0   1   2   3   4   5   6   7   8   9  11  13  14  15  16  17  18  20
  21  22  23  24  25  26  28  29  30  31  32  33  34  35  36  37  38  39
  40  41  43  44  45  46  47  49  50  51  52  53  54  55  57  58  59  60
  61  62  63  64  65  66  67  68  69  70  71  72  73  74  75  76  77  78
  80  81  82  83  84  85  86  87  88  89  90  91  92  93  95  97  98  99
 100 101 102 104 105 106 107] [ 10  12  19  27  42  48  56  79  94  96 103]
[  0   1   2   3   4   5   7   8   9  10  11  12  13  14  16  17  18  19
  20  21  22  23  24  25  26  27  29  30  31  32  33  34  35  36  38  39
  40  41  42  43  45  46  47  48  49  50  51  52  53  54  55  56  57  58
  59  60  61  62  63  64  65  66  68  69  70  71  72  73  76  77  78  79
  80  81  83  84  85  86  87  88  89  91  92  93  94  95  96  97  98  99
 100 101 102 103 104 106 107] [  6  15  28  37  44  67  74  75  82  90 105]
[  0   1   2   3   4   5   6   8   9  10  11  12  13  14  15  17  19  21
  22  23  24  25  26  27  28  29  30  31  32  33  34  35  36  37  38  40
  41  42  43  44  45  46  47  48  49  50  51  52  53  54  56  57  58  59
  62  63  64  65  66  67  68  70  72  73  74  75  76  77  78  79  80  81
  82  83  84  85  86  87  88  89  90  91  92  93  94  95  96  97  98 100
 101 102 103 104 105 106 107] [ 7 16 18 20 39 55 60 61 69 71 99]
[  0   1   2   3   5   6   7   8   9  10  11  12  13  14  15  16  17  18
  19  20  21  22  23  24  25  26  27  28  29  30  31  33  34  36  37  39
  40  42  43  44  45  46  47  48  49  50  51  52  53  54  55  56  57  58
  59  60  61  62  63  64  65  66  67  68  69  71  72  73  74  75  76  77
  79  80  81  82  84  85  86  87  88  89  90  91  92  93  94  95  96  97
  99 100 101 103 104 105 106] [  4  32  35  38  41  70  78  83  98 102 107]
[  1   3   4   5   6   7   8  10  11  12  13  14  15  16  17  18  19  20
  22  23  24  25  26  27  28  29  30  31  32  33  34  35  36  37  38  39
  40  41  42  43  44  46  47  48  49  51  52  54  55  56  57  58  59  60
  61  62  63  64  65  66  67  68  69  70  71  73  74  75  76  77  78  79
  81  82  83  84  85  86  87  88  90  91  93  94  95  96  97  98  99 100
 101 102 103 104 105 106 107] [ 0  2  9 21 45 50 53 72 80 89 92]
[  0   1   2   3   4   5   6   7   8   9  10  11  12  13  15  16  17  18
  19  20  21  23  24  27  28  30  31  32  33  34  35  36  37  38  39  40
  41  42  43  44  45  46  48  49  50  52  53  54  55  56  57  58  59  60
  61  62  63  64  65  66  67  69  70  71  72  73  74  75  76  78  79  80
  81  82  83  85  86  87  89  90  91  92  93  94  95  96  97  98  99 100
 101 102 103 104 105 106 107] [14 22 25 26 29 47 51 68 77 84 88]
[  0   1   2   3   4   6   7   8   9  10  11  12  13  14  15  16  17  18
  19  20  21  22  23  24  25  26  27  28  29  30  31  32  33  35  37  38
  39  40  41  42  43  44  45  47  48  49  50  51  52  53  55  56  57  59
  60  61  62  63  64  65  67  68  69  70  71  72  74  75  77  78  79  80
  81  82  83  84  85  86  87  88  89  90  91  92  93  94  96  98  99 100
 101 102 103 104 105 106 107] [ 5 34 36 46 54 58 66 73 76 95 97]
[  0   2   3   4   5   6   7   8   9  10  11  12  14  15  16  17  18  19
  20  21  22  23  24  25  26  27  28  29  30  32  33  34  35  36  37  38
  39  40  41  42  44  45  46  47  48  49  50  51  52  53  54  55  56  57
  58  59  60  61  63  64  66  67  68  69  70  71  72  73  74  75  76  77
  78  79  80  81  82  83  84  85  87  88  89  90  91  92  94  95  96  97
  98  99 100 102 103 105 106 107] [  1  13  31  43  62  65  86  93 101 104]
[  0   1   2   4   5   6   7   8   9  10  11  12  13  14  15  16  18  19
  20  21  22  24  25  26  27  28  29  30  31  32  33  34  35  36  37  38
  39  41  42  43  44  45  46  47  48  49  50  51  52  53  54  55  56  58
  59  60  61  62  65  66  67  68  69  70  71  72  73  74  75  76  77  78
  79  80  82  83  84  85  86  87  88  89  90  92  93  94  95  96  97  98
  99 100 101 102 103 104 105 107] [  3  17  23  40  57  63  64  81  91 106]
