[ 0  1  2  3  5  6  7  8  9 11 12 14 15 16 17 18 19 20 21 22 23 24 25 26
 28 29 30 31 32 33 34 35 36 38 39 40] [ 4 10 13 27 37]
[ 0  1  2  3  4  5  6  7  8  9 10 13 14 15 17 18 19 20 21 22 23 24 25 26
 27 28 29 30 31 32 33 34 36 37 38 39 40] [11 12 16 35]
[ 1  2  3  4  5  6  7  8  9 10 11 12 13 14 15 16 17 18 19 20 21 23 24 25
 27 28 29 30 31 32 33 35 36 37 38 39 40] [ 0 22 26 34]
[ 0  1  3  4  6  7  8  9 10 11 12 13 14 15 16 17 18 19 20 21 22 24 25 26
 27 28 30 31 32 33 34 35 36 37 38 39 40] [ 2  5 23 29]
[ 0  2  3  4  5  6  7  9 10 11 12 13 14 15 16 17 18 19 20 21 22 23 25 26
 27 29 30 31 32 33 34 35 36 37 38 39 40] [ 1  8 24 28]
[ 0  1  2  3  4  5  8  9 10 11 12 13 15 16 17 18 19 20 21 22 23 24 25 26
 27 28 29 30 31 32 34 35 36 37 38 39 40] [ 6  7 14 33]
[ 0  1  2  3  4  5  6  7  8  9 10 11 12 13 14 15 16 17 18 20 22 23 24 26
 27 28 29 30 31 33 34 35 36 37 38 39 40] [19 21 25 32]
[ 0  1  2  4  5  6  7  8  9 10 11 12 13 14 16 17 18 19 20 21 22 23 24 25
 26 27 28 29 30 31 32 33 34 35 37 39 40] [ 3 15 36 38]
[ 0  1  2  3  4  5  6  7  8 10 11 12 13 14 15 16 17 19 20 21 22 23 24 25
 26 27 28 29 30 32 33 34 35 36 37 38 40] [ 9 18 31 39]
[ 0  1  2  3  4  5  6  7  8  9 10 11 12 13 14 15 16 18 19 21 22 23 24 25
 26 27 28 29 31 32 33 34 35 36 37 38 39] [17 20 30 40]
