[ 0  1  3  4  5  7  8 10 11 12 13 14 15 16 17 18 19 20 21 22 23 24 25 26
 27 28] [2 6 9]
[ 0  1  2  3  4  5  6  7  9 10 11 14 15 16 17 18 19 20 21 22 23 24 25 26
 27 28] [ 8 12 13]
[ 0  1  2  4  5  6  7  8  9 10 11 12 13 14 15 16 17 19 20 21 23 24 25 26
 27 28] [ 3 18 22]
[ 0  2  3  4  5  6  7  8  9 10 11 12 13 14 15 16 17 18 20 21 22 23 24 26
 27 28] [ 1 19 25]
[ 0  1  2  3  4  6  7  8  9 11 12 13 14 15 16 17 18 19 20 21 22 23 24 25
 26 28] [ 5 10 27]
[ 0  1  2  3  4  5  6  8  9 10 11 12 13 14 15 16 17 18 19 21 22 24 25 26
 27 28] [ 7 20 23]
[ 1  2  3  4  5  6  7  8  9 10 11 12 13 14 16 17 18 19 20 21 22 23 24 25
 26 27] [ 0 15 28]
[ 0  1  2  3  5  6  7  8  9 10 11 12 13 15 16 17 18 19 20 21 22 23 24 25
 27 28] [ 4 14 26]
[ 0  1  2  3  4  5  6  7  8  9 10 12 13 14 15 16 17 18 19 20 22 23 25 26
 27 28] [11 21 24]
[ 0  1  2  3  4  5  6  7  8  9 10 11 12 13 14 15 18 19 20 21 22 23 24 25
 26 27 28] [16 17]
