[  0   1   2   4   5   6   7   8   9  10  11  12  13  14  15  16  18  19
  20  21  22  23  24  26  27  28  29  30  31  32  33  34  35  36  37  39
  40  41  43  44  45  46  47  48  49  50  51  53  54  55  56  57  58  59
  60  61  62  63  64  65  66  67  68  69  71  72  74  75  77  78  79  80
  82  83  85  86  87  88  89  90  91  92  93  94  95  96  97  98  99 100
 101 102 103 104 105 106 107 108 109 110 111 112 113 114 115 116 117 118
 119 121 123 124 125 126 127 128 129 131 132 133 134 135 136 137 138 139
 142 143 144 145 146 147 148 149 150 151 152 153 154 156 157 158 159 160
 161 162 163 164 166 167 168 169 170 171 172 173 174] [  3  17  25  38  42  52  70  73  76  81  84 120 122 130 140 141 155 165]
[  0   2   3   4   5   6   7   8   9  10  11  12  13  14  15  16  17  18
  19  20  21  22  23  25  26  27  29  30  31  32  34  35  36  38  39  42
  43  44  45  46  47  48  49  50  51  52  53  54  55  56  57  59  60  61
  62  63  64  66  67  68  69  70  71  72  73  75  76  78  79  80  81  82
  83  84  85  86  87  88  89  91  92  95  96  97  98  99 100 101 102 103
 104 105 106 107 108 109 111 112 113 114 115 116 117 118 119 120 121 122
 123 124 125 126 127 128 129 130 131 132 133 134 135 136 137 138 139 140
 141 142 143 144 146 147 148 149 150 151 152 153 154 155 156 157 158 160
 162 163 164 165 166 167 168 169 170 171 172 173 174] [  1  24  28  33  37  40  41  58  65  74  77  90  93  94 110 145 159 161]
[  0   1   2   3   4   6   7   8   9  10  12  13  14  15  17  18  19  20
  21  22  24  25  26  27  28  29  30  32  33  34  35  36  37  38  39  40
  41  42  43  44  45  46  47  48  49  50  51  52  53  54  55  56  57  58
  59  60  61  62  64  65  66  67  68  69  70  71  72  73  74  75  76  77
  78  79  80  81  82  83  84  85  86  87  89  90  92  93  94  95  96  97
  98 100 101 102 103 104 106 107 108 109 110 111 112 113 114 115 116 117
 118 119 120 121 122 123 126 127 130 132 133 134 135 136 137 138 139 140
 141 142 143 144 145 146 147 148 149 150 151 152 153 155 156 158 159 160
 161 162 164 165 166 167 168 169 170 171 172 173 174] [  5  11  16  23  31  63  88  91  99 105 124 125 128 129 131 154 157 163]
[  0   1   2   3   4   5   6   7   9  10  11  12  14  15  16  17  18  19
  20  21  22  23  24  25  26  28  29  30  31  32  33  36  37  38  39  40
  41  42  43  44  45  46  47  49  51  52  53  54  55  56  57  58  59  60
  61  62  63  64  65  66  67  69  70  71  72  73  74  75  76  77  78  79
  80  81  82  83  84  85  86  88  89  90  91  92  93  94  95  96  97  98
  99 100 101 102 103 104 105 106 107 109 110 111 112 113 115 116 117 118
 120 121 122 123 124 125 126 127 128 129 130 131 132 133 134 135 136 137
 138 139 140 141 143 144 145 146 147 148 149 150 153 154 155 157 158 159
 161 162 163 164 165 167 168 169 170 171 172 173 174] [  8  13  27  34  35  48  50  68  87 108 114 119 142 151 152 156 160 166]
[  0   1   2   3   4   5   6   8   9  10  11  12  13  14  15  16  17  18
  19  20  23  24  25  26  27  28  29  30  31  32  33  34  35  36  37  38
  39  40  41  42  43  44  45  46  47  48  49  50  51  52  53  54  55  56
  57  58  59  60  61  63  64  65  66  67  68  69  70  73  74  75  76  77
  79  80  81  82  83  84  85  86  87  88  89  90  91  92  93  94  95  99
 100 101 102 104 105 106 107 108 110 111 112 113 114 115 116 117 118 119
 120 121 122 123 124 125 128 129 130 131 133 134 135 137 138 139 140 141
 142 143 144 145 147 148 149 150 151 152 153 154 155 156 157 158 159 160
 161 162 163 164 165 166 167 168 169 170 171 172 173] [  7  21  22  62  71  72  78  96  97  98 103 109 126 127 132 136 146 174]
[  0   1   3   4   5   6   7   8   9  10  11  13  14  15  16  17  18  19
  20  21  22  23  24  25  26  27  28  29  31  32  33  34  35  36  37  38
  39  40  41  42  43  44  45  46  47  48  49  50  51  52  54  55  56  58
  59  60  61  62  63  64  65  66  68  70  71  72  73  74  75  76  77  78
  79  80  81  82  83  84  85  86  87  88  90  91  92  93  94  95  96  97
  98  99 102 103 104 105 107 108 109 110 111 112 113 114 116 117 118 119
 120 121 122 123 124 125 126 127 128 129 130 131 132 133 134 136 137 138
 140 141 142 143 144 145 146 147 148 149 150 151 152 153 154 155 156 157
 159 160 161 162 163 164 165 166 167 168 169 170 172 174] [  2  12  30  53  57  67  69  89 100 101 106 115 135 139 158 171 173]
[  0   1   2   3   4   5   6   7   8  10  11  12  13  15  16  17  20  21
  22  23  24  25  27  28  29  30  31  32  33  34  35  36  37  38  39  40
  41  42  43  45  46  47  48  49  50  51  52  53  55  56  57  58  59  62
  63  64  65  66  67  68  69  70  71  72  73  74  75  76  77  78  79  80
  81  83  84  85  86  87  88  89  90  91  92  93  94  95  96  97  98  99
 100 101 102 103 104 105 106 107 108 109 110 111 112 113 114 115 119 120
 121 122 123 124 125 126 127 128 129 130 131 132 133 135 136 137 138 139
 140 141 142 143 144 145 146 147 148 149 150 151 152 154 155 156 157 158
 159 160 161 162 163 164 165 166 167 168 169 171 173 174] [  9  14  18  19  26  44  54  60  61  82 116 117 118 134 153 170 172]
[  0   1   2   3   5   6   7   8   9  10  11  12  13  14  15  16  17  18
  19  21  22  23  24  25  26  27  28  29  30  31  32  33  34  35  36  37
  38  39  40  41  42  43  44  45  46  47  48  50  52  53  54  55  56  57
  58  59  60  61  62  63  64  65  66  67  68  69  70  71  72  73  74  76
  77  78  80  81  82  84  85  87  88  89  90  91  93  94  96  97  98  99
 100 101 103 104 105 106 107 108 109 110 112 113 114 115 116 117 118 119
 120 122 123 124 125 126 127 128 129 130 131 132 134 135 136 137 138 139
 140 141 142 143 145 146 147 148 149 150 151 152 153 154 155 156 157 158
 159 160 161 163 164 165 166 167 169 170 171 172 173 174] [  4  20  49  51  75  79  83  86  92  95 102 111 121 133 144 162 168]
[  1   2   3   4   5   6   7   8   9  10  11  12  13  14  16  17  18  19
  20  21  22  23  24  25  26  27  28  29  30  31  33  34  35  37  38  40
  41  42  44  45  48  49  50  51  52  53  54  55  56  57  58  59  60  61
  62  63  65  67  68  69  70  71  72  73  74  75  76  77  78  79  80  81
  82  83  84  86  87  88  89  90  91  92  93  94  95  96  97  98  99 100
 101 102 103 105 106 108 109 110 111 112 114 115 116 117 118 119 120 121
 122 123 124 125 126 127 128 129 130 131 132 133 134 135 136 137 138 139
 140 141 142 144 145 146 147 150 151 152 153 154 155 156 157 158 159 160
 161 162 163 164 165 166 167 168 169 170 171 172 173 174] [  0  15  32  36  39  43  46  47  64  66  85 104 107 113 143 148 149]
[  0   1   2   3   4   5   7   8   9  11  12  13  14  15  16  17  18  19
  20  21  22  23  24  25  26  27  28  30  31  32  33  34  35  36  37  38
  39  40  41  42  43  44  46  47  48  49  50  51  52  53  54  57  58  60
  61  62  63  64  65  66  67  68  69  70  71  72  73  74  75  76  77  78
  79  81  82  83  84  85  86  87  88  89  90  91  92  93  94  95  96  97
  98  99 100 101 102 103 104 105 106 107 108 109 110 111 113 114 115 116
 117 118 119 120 121 122 124 125 126 127 128 129 130 131 132 133 134 135
 136 139 140 141 142 143 144 145 146 148 149 151 152 153 154 155 156 157
 158 159 160 161 162 163 165 166 168 170 171 172 173 174] [  6  10  29  45  55  56  59  80 112 123 137 138 147 150 164 167 169]
