-2.531101 2.486639
-2.525243 2.480726
-2.488152 2.443639
-2.473533 2.429024
-2.402527 2.358035
-2.435977 2.391438
-2.118000 2.075746
-1.862010 1.821092
-2.079319 2.037166
-2.407246 2.362745
-2.515988 2.472109
-1.846325 1.804429
-1.209855 1.171431
-2.082388 2.039651
-2.550305 2.505791
-2.422278 2.377772
-1.574840 1.535155
-2.513012 2.468482
-2.281275 2.236791
-2.611960 2.567418
-1.698833 1.658543
-1.977577 1.935503
-2.179571 2.137539
-1.876968 1.834844
-2.507736 2.463231
-2.490561 2.446025
-2.673573 2.629046
-2.751476 2.706922
-2.071703 2.028907
-2.427801 2.383788
-1.747868 1.706878
-2.721055 2.676498
-1.929572 1.887402
-2.374160 2.329775
-1.457177 1.417811
-2.385298 2.340837
-1.268461 1.230295
-2.148919 2.105650
-2.733518 2.689061
-2.346243 2.302259
-2.414217 2.369709
-2.649679 2.605197
-2.419609 2.375107
-2.637928 2.593421
-2.311156 2.266941
-2.535054 2.490556
-2.009328 1.966588
-2.638563 2.594025
-2.314471 2.270961
-2.117351 2.074364
-1.565274 1.524796
-2.546949 2.502449
-2.063478 2.022478
-2.034367 1.992120
-2.189008 2.146377
-1.744417 1.703975
-2.509382 2.464839
-2.333997 2.289516
-2.421340 2.376824
-0.597001 0.562827
-2.452150 2.407603
-2.493415 2.448902
-2.954245 2.909681
-2.332495 2.288013
-2.317469 2.273547
-2.289922 2.247117
-2.389380 2.345182
-2.546155 2.501617
-2.041473 1.998942
-2.150096 2.107248
-2.830505 2.785982
-2.486170 2.441782
-2.359013 2.314540
-2.414555 2.370481
-0.647970 0.612657
-2.838876 2.794360
-2.402356 2.357866
-1.768777 1.727893
-2.468026 2.423457
-0.511567 0.477441
-1.801906 1.760406
-1.537846 1.498382
-2.098574 2.055474
-2.607089 2.563598
-2.655843 2.611331
-2.469961 2.425382
-2.468459 2.423919
-2.070222 2.027227
-1.921009 1.878875
-2.288554 2.244659
-2.585441 2.540907
-2.577891 2.533405
-2.871018 2.826434
-2.462729 2.418221
-2.438890 2.394419
-1.171777 1.133973
-2.549909 2.505380
-2.401943 2.357917
-2.527959 2.483417
-2.631153 2.586605
-2.373578 2.329170
-2.595423 2.550869
-2.225543 2.182167
-2.588984 2.544512
-0.151595 0.119378
1.382892 -1.405721
1.317481 -1.341162
1.219868 -1.244273
0.290586 -0.320746
0.092490 -0.122960
0.799968 -0.827150
1.274315 -1.298605
2.286044 -2.296692
2.054791 -2.068506
