-2.552802 2.500353
-2.191750 2.140094
-2.538029 2.485581
-2.931165 2.878671
-2.755510 2.703034
-2.544553 2.492186
-2.223755 2.172336
-2.467028 2.414571
-2.590155 2.537684
-2.682284 2.629817
-2.348426 2.296267
-2.670683 2.618206
-2.201169 2.149680
-1.625814 1.577732
-1.690025 1.641214
-1.569121 1.520824
-2.686781 2.634284
-2.555611 2.503148
-2.714542 2.662055
-2.167469 2.116343
-2.612854 2.560381
-2.381056 2.328608
-2.334040 2.282012
-2.581227 2.528770
-1.979202 1.929666
-2.575721 2.523251
-2.520137 2.467666
-2.385034 2.332596
-2.654835 2.602347
-2.461264 2.408798
-2.527157 2.474922
-2.576732 2.524277
-2.018881 1.968234
-2.159434 2.108088
-2.670890 2.618408
-1.863050 1.813086
-2.282821 2.231494
-2.202982 2.151425
-2.415540 2.363092
-2.596156 2.543652
-2.647851 2.595373
-2.762710 2.710218
-2.588328 2.535870
-0.641235 0.597523
-2.546293 2.493830
-2.640275 2.587805
-2.566410 2.513949
-2.509676 2.457210
-2.499851 2.447379
-2.317005 2.265103
-2.280196 2.228247
-2.096154 2.045095
-2.792116 2.739635
-1.782020 1.733345
-2.374309 2.322051
-2.481025 2.428929
-2.493467 2.441010
-2.517339 2.464884
-2.793197 2.740691
-2.514947 2.462488
-2.430925 2.378483
-1.957515 1.907784
-2.302656 2.251394
-2.288315 2.236667
-2.022474 1.971920
-2.839968 2.787488
-2.614939 2.562463
-2.390248 2.338394
-1.491998 1.444202
-2.441319 2.388925
-1.681176 1.632306
-2.460535 2.408068
-1.297655 1.250723
-2.225416 2.174215
-2.478150 2.425698
-2.190495 2.138837
-2.341047 2.288992
-2.369604 2.317159
-2.683230 2.630734
-2.428534 2.376397
-2.602132 2.549628
-2.662229 2.609770
-2.550255 2.497797
-2.378459 2.326023
-2.434623 2.382144
-2.310155 2.258105
-1.921007 1.871225
-2.579416 2.526957
-2.586267 2.533813
-2.471413 2.418943
-2.465499 2.413036
-2.556748 2.504277
-2.519028 2.466570
-1.763466 1.714088
-2.694860 2.643245
-1.931621 1.881562
-2.183058 2.131824
-2.321774 2.270006
-0.555568 0.512097
-1.448714 1.400538
-1.729934 1.680566
-2.484960 2.432496
-1.068979 1.023097
-1.908687 1.858825
1.263054 -1.297412
1.358534 -1.391615
-0.185494 0.143527
0.838521 -0.875394
1.290015 -1.324128
1.948298 -1.974178
1.592496 -1.622720
1.716876 -1.745542
1.535473 -1.566491
