-2.344675 2.355245
-1.674615 1.682838
-2.559468 2.570883
-2.574298 2.585715
-2.399884 2.411043
-1.819232 1.828297
-2.531783 2.543205
-2.202409 2.212461
-2.517769 2.529179
-2.265833 2.276544
-2.748815 2.760263
-2.673842 2.685267
-1.592986 1.600975
-2.460215 2.471617
-2.507102 2.518515
-2.672738 2.684170
-2.528635 2.540056
-2.545230 2.556333
-2.444055 2.455442
-2.631728 2.643201
-2.698847 2.710312
-2.493972 2.505388
-2.558727 2.570182
-2.340396 2.351816
-2.555948 2.567400
-2.659017 2.670485
-2.492027 2.503446
-2.545171 2.556615
-2.069316 2.079295
-2.362993 2.373921
-2.479458 2.490883
-2.516137 2.527532
-2.244444 2.254941
-2.336818 2.347950
-2.690179 2.701578
-2.568298 2.579773
-4.765099 4.776547
-1.794325 1.802774
-2.535171 2.546616
-1.302111 1.308763
-2.485613 2.497018
-2.470143 2.481573
-2.731533 2.742967
-2.048580 2.058417
-2.233991 2.244398
-2.571821 2.583253
-2.504417 2.515838
-2.423570 2.434966
-2.537892 2.549323
-1.319289 1.325964
-2.778625 2.790069
-2.664201 2.675623
-2.964120 2.975591
-2.689811 2.701238
-2.610270 2.621690
-2.454813 2.466203
-2.676669 2.688128
-1.717104 1.724834
-2.602728 2.614143
-2.755665 2.767114
-1.256033 1.262424
-2.748377 2.759817
-2.332939 2.344176
-2.359532 2.370698
-2.066890 2.076910
-2.769960 2.781405
-2.431370 2.442674
-2.703685 2.715140
-2.617145 2.628612
-2.604464 2.615907
-2.340991 2.352053
-2.544505 2.555920
-2.501303 2.512642
-2.468787 2.480196
-1.976842 1.986449
-2.381124 2.392330
-2.858123 2.869567
-2.359012 2.370090
-2.498526 2.509911
-2.393379 2.404814
-2.550250 2.561655
-2.692064 2.703472
-2.498087 2.509483
-2.624392 2.635810
-2.332425 2.343386
-2.457093 2.468485
-2.496001 2.507413
-2.670728 2.682167
-2.583301 2.594716
-2.247082 2.257789
-2.307792 2.318334
-2.843673 2.855114
-2.407964 2.419250
-2.582849 2.594250
-2.543966 2.555429
-2.244034 2.254728
-1.785337 1.794002
-2.265723 2.276233
-2.362342 2.373702
-2.506118 2.517527
-2.599774 2.611187
-2.455881 2.467275
-2.585310 2.596719
-2.564495 2.575880
1.693607 -1.702601
1.167894 -1.171814
1.408227 -1.414153
1.893130 -1.904419
1.113809 -1.117607
1.525791 -1.532974
0.035553 -0.034496
0.900733 -0.903664
1.331853 -1.336955
0.682860 -0.684757
