-2.657594 3.266092
-2.973305 3.612847
-3.014207 3.613856
-2.147169 2.628091
-3.021323 3.672620
-2.997718 3.637705
-3.038936 3.678641
-3.175336 3.820158
-3.021568 3.703189
-3.217616 3.786556
-3.138843 3.853839
-3.522779 4.171502
-3.191334 3.859046
-2.837647 3.442885
-2.722626 3.435846
-3.282147 4.006152
-2.774791 3.354677
-2.906346 3.497625
-2.781153 3.360764
-2.830881 3.430308
-3.142432 3.799859
-3.093976 3.746635
-2.912462 3.528170
-3.383974 4.066910
-3.228911 3.939666
-2.857390 3.535176
-2.877235 3.449237
-3.187235 3.797544
-3.003718 3.631022
-3.096674 3.843046
-2.911027 3.521851
-2.873823 3.456289
-2.400197 2.929670
-3.096822 3.729433
-3.054095 3.698989
-2.945915 3.592446
-3.324592 4.019126
-2.853919 3.477513
-3.159571 3.802858
-2.996334 3.668954
-2.014492 2.580568
-2.840444 3.432434
-2.794825 3.401660
-3.299522 3.976665
-2.888808 3.456786
-3.242874 4.006308
-3.598023 4.382457
-2.606726 3.252076
-2.483643 3.083120
-2.585047 3.147585
-4.989332 5.686739
-3.152858 3.838295
-2.456934 3.085297
-2.897508 3.526135
-2.821347 3.442681
-3.073848 3.749814
-2.949964 3.592319
-2.947182 3.560760
-2.940110 3.555988
-2.330612 2.954708
-3.000702 3.610957
-2.901899 3.534732
-1.548911 2.035589
-3.175308 3.858233
-3.108311 3.795338
-2.952520 3.608237
-3.423453 4.073078
-2.494677 3.057367
-2.764177 3.337760
-2.838043 3.456764
-2.580506 3.193594
-2.595595 3.181062
-3.228133 3.851421
-3.502359 4.181382
-3.222005 4.010551
-2.494546 3.171334
-3.197301 3.882816
-2.940926 3.592640
-2.835991 3.429932
-3.039913 3.735378
-3.350187 4.041984
-3.397666 4.118754
-3.075889 3.714889
-3.016227 3.741162
-2.761913 3.346479
-2.904907 3.525206
-2.964245 3.538590
-2.624605 3.204100
-3.142227 3.823340
-3.593847 4.251794
-2.765220 3.375647
-3.035248 3.693645
-2.033737 3.042831
-3.161646 3.849758
-2.997662 3.574347
-2.935796 3.540365
-3.083591 3.734344
-2.989367 3.614794
-2.501716 3.011065
-2.919547 3.523995
-3.036733 3.677523
-2.646189 3.294187
-3.068269 3.718716
-2.727062 3.440546
2.634389 -3.175435
1.842320 -1.765656
4.105534 -5.079151
2.706404 -3.136266
3.656715 -4.418644
3.387440 -4.239869
3.655159 -4.504914
2.661726 -3.197691
2.936603 -3.622639
4.416084 -5.108384
