-1.644461 1.657054
-2.072149 2.087116
-1.215935 1.225970
-2.156238 2.171582
-1.960937 1.975340
-1.999682 2.014262
-1.346693 1.357773
-2.111708 2.126862
-1.965269 1.979712
-2.092567 2.107599
-2.043116 2.057949
-1.957479 1.971856
-2.072824 2.087800
-1.053497 1.063107
-1.958802 1.973191
-1.844190 1.857981
-2.102851 2.117962
-1.862040 1.875920
-2.025961 2.040686
-2.005018 2.019648
-1.481967 1.493836
-2.083008 2.098041
-2.013921 2.028585
-1.966527 1.980946
-2.073596 2.088537
-2.062714 2.077641
-2.075806 2.090793
-2.019052 2.033731
-1.740811 1.754032
-2.080638 2.095640
-2.103147 2.118241
-2.131417 2.146644
-2.130451 2.145685
-1.963751 1.978191
-2.081593 2.096611
-2.095013 2.110081
-1.972658 1.987122
-1.666908 1.679741
-2.085430 2.100434
-2.109985 2.125131
-1.339516 1.350506
-2.004522 2.019134
-2.111752 2.126858
-2.003546 2.018147
-2.090032 2.105086
-2.099741 2.114846
-1.935534 1.949799
-1.896337 1.910233
-2.049952 2.064812
-1.979961 1.994456
-2.164958 2.180336
-1.932494 1.946726
-1.990100 2.004625
-2.082196 2.097167
0.117355 -0.114635
-2.001474 2.016054
-1.782400 1.795863
-1.259890 1.270531
-1.916508 1.930624
-2.012531 2.027147
-1.889740 1.903786
-2.085935 2.100946
-2.105621 2.120748
-2.093521 2.108597
-2.097408 2.112499
-2.049166 2.064018
-2.104867 2.119983
-1.783668 1.797148
-2.106248 2.121361
-1.817894 1.831497
-2.028411 2.043168
-2.087223 2.102216
-2.100361 2.115443
-2.070571 2.085522
-2.021706 2.036381
-2.099975 2.115072
-2.080797 2.095811
-2.055993 2.070849
-1.668795 1.681668
-1.985439 1.999961
-1.966776 1.981189
-2.095238 2.110306
-2.120456 2.135645
-2.143120 2.158402
-2.116466 2.131618
-2.093964 2.109024
-1.845357 1.859162
-2.085764 2.100785
-1.825950 1.839632
-1.999022 2.013609
0.059614 -0.056823
-1.900506 1.914535
-2.024163 2.038880
-2.101217 2.116324
-2.041794 2.056596
-2.143344 2.158624
-2.140816 2.156095
-1.998603 2.013164
-2.104330 2.119452
-2.129144 2.144364
-2.158442 2.173793
-2.107194 2.122320
-1.216927 1.227041
-1.319290 1.330261
0.538840 -0.538540
1.371911 -1.377797
0.085019 -0.082023
1.476893 -1.483778
1.443097 -1.449667
1.383986 -1.389994
0.264653 -0.262647
1.486413 -1.493426
1.359310 -1.365064
0.378290 -0.376984
