-2.096766 2.097275
-2.111070 2.111392
-2.011335 2.012339
-1.926608 1.927910
-2.122931 2.123006
-2.122373 2.121980
-1.991865 1.992951
-2.095222 2.095747
-1.925134 1.926441
-1.979159 1.980289
-2.075758 2.076422
-1.761201 1.762903
-2.033871 2.034770
-2.116997 2.117278
-2.075682 2.076352
-1.949279 1.950522
-1.975507 1.976644
-2.064730 2.065445
-2.101080 2.101546
-1.698074 1.700099
-1.810623 1.812229
-2.106660 2.107068
-2.089110 2.089686
-2.074824 2.075467
-2.074171 2.074823
-2.115754 2.116036
-1.929080 1.930364
-1.830432 1.832010
-2.094396 2.094917
-2.060305 2.061068
-2.086839 2.087424
-1.955157 1.956363
-1.999976 2.001027
-2.080718 2.081353
-2.078205 2.078797
-1.913952 1.915287
-2.023738 2.024683
-2.098155 2.098653
-2.046768 2.047601
-2.084631 2.085231
-2.117285 2.117496
-2.105303 2.105701
-2.077773 2.078418
-1.977557 1.978685
-2.071607 2.072292
-1.901703 1.903092
-2.115634 2.115922
-2.053672 2.054456
-2.081792 2.082401
-1.255614 1.258044
-2.120291 2.120482
-2.061440 2.062187
-2.086011 2.086599
-2.046875 2.047709
-2.034277 2.035177
-1.824904 1.826476
-1.781821 1.783469
-1.787612 1.789252
-1.861625 1.863110
-2.112326 2.111705
-1.831308 1.832861
-2.088651 2.089210
-2.110254 2.110571
-2.105673 2.106071
-1.789808 1.791466
-1.520083 1.522302
-2.093595 2.094127
-1.956931 1.958137
-1.886028 1.887448
-2.082421 2.083037
-2.093589 2.094116
-2.044363 2.045207
-2.102287 2.102755
-2.074336 2.075003
-2.084471 2.085089
-2.054080 2.054878
-1.796681 1.798304
-1.777364 1.779069
-1.699708 1.701523
-2.078980 2.079623
-2.077863 2.078465
-2.102794 2.103220
-1.993008 1.991185
-2.035190 2.036083
-2.067945 2.068658
-2.060517 2.061285
-2.102147 2.102608
-2.083899 2.084503
-2.071663 2.072350
-2.035670 2.036561
-2.124979 2.124995
-2.066744 2.067467
-2.111594 2.111923
-2.059393 2.060164
-2.055206 2.055998
-1.960501 1.961699
-2.109693 2.110049
-1.919658 1.920984
-2.051753 2.052553
-2.090386 2.090954
-1.931952 1.933242
-2.103679 2.104101
-2.092349 2.092906
1.594447 -1.586899
0.279159 -0.275420
1.012539 -1.007619
-0.104051 0.107455
0.928201 -0.923418
-0.706642 0.709521
1.283172 -1.277484
1.435716 -1.429364
1.669113 -1.660475
1.123456 -1.118217
