-2.920407 2.835568
-3.146801 3.056367
-3.203858 3.111999
-2.889598 2.805330
-3.356055 3.260418
-3.461890 3.363626
-3.312516 3.217961
-3.219443 3.127204
-3.233895 3.141289
-2.430264 2.357066
-3.277328 3.183647
-2.759272 2.678298
-2.878489 2.794664
-3.291488 3.197450
-3.064603 2.976200
-3.486017 3.387155
-3.429644 3.332179
-3.282342 3.188533
-1.843333 1.784144
-3.006662 2.919696
-3.337730 3.242548
-2.966562 2.880595
-3.014091 2.926943
-2.915151 2.830466
-3.331442 3.236419
-2.913667 2.828850
-3.048815 2.960803
-3.268616 3.175151
-2.691150 2.611633
-3.018798 2.931530
-3.261623 3.168329
-2.921832 2.836798
-2.693819 2.614343
-2.813306 2.731031
-3.288184 3.194234
-2.559541 2.483143
-3.148936 3.058445
-3.238523 3.145801
-2.772391 2.690992
-2.965289 2.879360
-2.532464 2.456785
-3.204445 3.112576
-3.246592 3.153671
-3.269543 3.176059
-1.482390 1.431821
-2.520790 2.445440
-3.057605 2.969371
-3.290211 3.196206
-2.740787 2.660104
-3.098596 3.009353
-2.957062 2.871331
-2.828811 2.746012
-3.308614 3.214157
-2.991374 2.904799
-3.146259 3.055840
-2.537969 2.462084
-2.959900 2.874101
-3.180863 3.089584
-3.175172 3.084035
-3.169655 3.078644
-2.998851 2.912074
-3.103029 3.013677
-3.077464 2.988738
-2.329666 2.258893
-3.028598 2.941097
-2.987702 2.901208
-2.705926 2.626061
-2.788573 2.706856
-2.980978 2.894648
-3.069927 2.981391
-3.244330 3.151470
-2.636350 2.558194
-3.100366 3.011084
-0.883832 0.847095
-3.348182 3.252740
-2.934896 2.849711
-2.636527 2.558325
-2.140280 2.073778
-2.900067 2.815701
-1.314341 1.267686
-2.396309 2.323961
-3.340632 3.245376
-3.236695 3.144024
-3.021497 2.934167
-2.126902 2.060928
-2.205326 2.137466
-3.070076 2.981546
-3.196352 3.104684
-2.926882 2.841760
-2.811915 2.729548
-2.852887 2.769629
-3.165343 3.074444
-3.156499 3.065823
-0.147864 0.128884
-3.233858 3.141259
-2.712453 2.632384
-3.368969 3.273009
-2.954668 2.869002
-2.748151 2.667368
-2.852663 2.769403
-2.977487 2.891162
-3.169108 3.078107
-3.412278 3.315244
-2.966047 2.880093
1.854732 -1.826226
1.923660 -1.893658
3.075559 -3.020312
2.700485 -2.653466
1.003597 -0.995148
1.105887 -1.094947
2.182125 -2.146457
2.737790 -2.689934
0.053085 -0.067303
1.596643 -1.573804
