0.000837 0.999163
0.000580 0.999420
0.000438 0.999562
0.000325 0.999675
0.000642 0.999358
0.000581 0.999419
0.000285 0.999715
0.003471 0.996529
0.000561 0.999439
0.000451 0.999549
0.000583 0.999417
0.006105 0.993895
0.002239 0.997761
0.000632 0.999368
0.001289 0.998711
0.005812 0.994188
0.000523 0.999477
0.000792 0.999208
0.000340 0.999660
0.000522 0.999478
0.000177 0.999823
0.000858 0.999142
0.000721 0.999279
0.001810 0.998190
0.002789 0.997211
0.000951 0.999049
0.000328 0.999672
0.000186 0.999814
0.000348 0.999652
0.000672 0.999328
0.000335 0.999665
0.000724 0.999276
0.001475 0.998525
0.000811 0.999189
0.003944 0.996056
0.000600 0.999400
0.000600 0.999400
0.000391 0.999609
0.000620 0.999380
0.000328 0.999672
0.349739 0.650261
0.000677 0.999323
0.000478 0.999522
0.001106 0.998894
0.000360 0.999640
0.001438 0.998562
0.002020 0.997980
0.001133 0.998867
0.000615 0.999385
0.000458 0.999542
0.792319 0.207681
0.002991 0.997009
0.005119 0.994881
0.000499 0.999501
0.000435 0.999565
0.000514 0.999486
0.000267 0.999733
0.000298 0.999702
0.000691 0.999309
0.001532 0.998468
0.000343 0.999657
0.000442 0.999558
0.088084 0.911916
0.000894 0.999106
0.001722 0.998278
0.000372 0.999628
0.000212 0.999788
0.017883 0.982117
0.000584 0.999416
0.000431 0.999569
0.008351 0.991649
0.000837 0.999163
0.000541 0.999459
0.008398 0.991602
0.006742 0.993258
0.007014 0.992986
0.001158 0.998842
0.001795 0.998205
0.000567 0.999433
0.001621 0.998379
0.001151 0.998849
0.002407 0.997593
0.000699 0.999301
0.006830 0.993170
0.000402 0.999598
0.023692 0.976308
0.000546 0.999454
0.000377 0.999623
0.002123 0.997877
0.004487 0.995513
0.000283 0.999717
0.001232 0.998768
0.006640 0.993360
0.001811 0.998189
0.000206 0.999794
0.000333 0.999667
0.000283 0.999717
0.000423 0.999577
0.024239 0.975761
0.000761 0.999239
0.000516 0.999484
0.002973 0.997027
0.000461 0.999539
0.003522 0.996478
0.950789 0.049211
0.999501 0.000499
0.999308 0.000692
0.999931 0.000069
0.994628 0.005372
0.999325 0.000675
0.998336 0.001664
0.777704 0.222296
0.991081 0.008919
0.999771 0.000229
