0.001064 0.998936
0.005729 0.994271
0.000278 0.999722
0.000498 0.999502
0.000934 0.999066
0.003279 0.996721
0.000354 0.999646
0.001531 0.998469
0.000391 0.999609
0.000994 0.999006
0.000229 0.999771
0.000234 0.999766
0.006474 0.993526
0.000544 0.999456
0.000459 0.999541
0.000326 0.999674
0.000388 0.999612
0.000943 0.999057
0.000471 0.999529
0.000540 0.999460
0.000342 0.999658
0.000359 0.999641
0.000484 0.999516
0.000668 0.999332
0.000478 0.999522
0.000309 0.999691
0.000383 0.999617
0.000397 0.999603
0.002040 0.997960
0.000891 0.999109
0.000342 0.999658
0.000551 0.999449
0.001385 0.998615
0.000915 0.999085
0.000271 0.999729
0.000400 0.999600
0.000004 0.999996
0.004936 0.995064
0.000482 0.999518
0.021738 0.978262
0.000359 0.999641
0.000429 0.999571
0.000280 0.999720
0.002133 0.997867
0.001369 0.998631
0.000356 0.999644
0.000546 0.999454
0.000664 0.999336
0.000502 0.999498
0.015620 0.984380
0.000223 0.999777
0.000254 0.999746
0.000194 0.999806
0.000285 0.999715
0.000333 0.999667
0.000437 0.999563
0.000279 0.999721
0.009582 0.990418
0.000380 0.999620
0.000235 0.999765
0.021421 0.978579
0.000252 0.999748
0.000945 0.999055
0.000763 0.999237
0.001699 0.998301
0.000299 0.999701
0.000694 0.999306
0.000245 0.999755
0.000406 0.999594
0.000322 0.999678
0.000911 0.999089
0.000352 0.999648
0.000698 0.999302
0.000420 0.999580
0.002110 0.997890
0.000721 0.999279
0.000258 0.999742
0.000886 0.999114
0.000582 0.999418
0.000593 0.999407
0.000461 0.999539
0.000421 0.999579
0.000606 0.999394
0.000388 0.999612
0.000900 0.999100
0.000564 0.999436
0.000547 0.999453
0.000250 0.999750
0.000473 0.999527
0.001202 0.998798
0.001107 0.998893
0.000187 0.999813
0.000747 0.999253
0.000440 0.999560
0.000527 0.999473
0.001309 0.998691
0.004172 0.995828
0.001332 0.998668
0.001029 0.998971
0.000449 0.999551
0.000393 0.999607
0.000558 0.999442
0.000260 0.999740
0.000460 0.999540
0.999625 0.000375
0.982304 0.017696
0.995262 0.004738
0.999885 0.000115
0.978706 0.021294
0.998430 0.001570
0.561477 0.438523
0.957375 0.042625
0.989389 0.010611
0.903032 0.096968
