0.004361 0.995639
0.000334 0.999666
0.037732 0.962268
0.000207 0.999793
0.001101 0.998899
0.000921 0.999079
0.017847 0.982153
0.000232 0.999768
0.000980 0.999020
0.000398 0.999602
0.000465 0.999535
0.000954 0.999046
0.000334 0.999666
0.048842 0.951158
0.000871 0.999129
0.001702 0.998298
0.000249 0.999751
0.001690 0.998310
0.000599 0.999401
0.000642 0.999358
0.013240 0.986760
0.000296 0.999704
0.000693 0.999307
0.000909 0.999091
0.000432 0.999568
0.000339 0.999661
0.000312 0.999688
0.000814 0.999186
0.003552 0.996448
0.000346 0.999654
0.000300 0.999700
0.000221 0.999779
0.000188 0.999812
0.000791 0.999209
0.000310 0.999690
0.000288 0.999712
0.000888 0.999112
0.008615 0.991385
0.000393 0.999607
0.000241 0.999759
0.012482 0.987518
0.000707 0.999293
0.000446 0.999554
0.000711 0.999289
0.000286 0.999714
0.000246 0.999754
0.001153 0.998847
0.001074 0.998926
0.000444 0.999556
0.000895 0.999105
0.000126 0.999874
0.001253 0.998747
0.000917 0.999083
0.000380 0.999620
0.587673 0.412327
0.000859 0.999141
0.002790 0.997210
0.027774 0.972226
0.001304 0.998696
0.000591 0.999409
0.001519 0.998481
0.000378 0.999622
0.000237 0.999763
0.000263 0.999737
0.000257 0.999743
0.000457 0.999543
0.000268 0.999732
0.002400 0.997600
0.000272 0.999728
0.002613 0.997387
0.000615 0.999385
0.000384 0.999616
0.000377 0.999623
0.000351 0.999649
0.000669 0.999331
0.000266 0.999734
0.000286 0.999714
0.000446 0.999554
0.006278 0.993722
0.000736 0.999264
0.000967 0.999033
0.000269 0.999731
0.000213 0.999787
0.000165 0.999835
0.000249 0.999751
0.000310 0.999690
0.002022 0.997978
0.000487 0.999513
0.002233 0.997767
0.000935 0.999065
0.178288 0.821712
0.000960 0.999040
0.000580 0.999420
0.000252 0.999748
0.000453 0.999547
0.000152 0.999848
0.000163 0.999837
0.000746 0.999254
0.000251 0.999749
0.000189 0.999811
0.000137 0.999863
0.000241 0.999759
0.036320 0.963680
0.019441 0.980559
0.945972 0.054028
0.994303 0.005697
0.670956 0.329044
0.999727 0.000273
0.999235 0.000765
0.997593 0.002407
0.769092 0.230908
0.999358 0.000642
0.998092 0.001908
0.832489 0.167511
