-3.753192 3.753047
-3.416523 3.415865
-3.352333 3.351548
-3.240984 3.240014
-3.268642 3.267819
-3.362824 3.362257
-3.413469 3.412756
-3.745793 3.745636
-3.255158 3.254240
-2.989558 2.988332
-3.664700 3.664392
-3.095835 3.094672
-3.604435 3.604037
-3.753272 3.753150
-3.744182 3.744024
-2.926175 2.924162
-3.571716 3.571275
-3.067816 3.066663
-3.675346 3.675075
-1.971277 1.961070
-2.759374 2.755801
-3.697848 3.697619
-3.770454 3.770347
-3.058026 3.056893
-3.199691 3.198721
-3.623313 3.622992
-3.456426 3.455845
-2.751958 2.748102
-3.620326 3.619968
-3.643797 3.643456
-3.612181 3.611777
-3.503583 3.503024
-2.814611 2.811438
-3.692899 3.692635
-2.585799 2.580282
-3.266678 3.265784
-3.689414 3.689135
-3.745276 3.745148
-3.353217 3.352443
-3.678770 3.678493
-3.292508 3.291708
-3.490108 3.489577
-3.517838 3.517293
-3.460276 3.459704
-3.512554 3.512024
-3.108968 3.107825
-3.616689 3.616363
-3.089221 3.088039
-3.350199 3.349408
-1.963213 1.953586
-3.472694 3.472188
-3.399737 3.399025
-3.638429 3.638078
-3.488194 3.487597
-3.783087 3.783032
-3.025613 3.024179
-3.168767 3.167729
-3.106755 3.105625
-3.123487 3.122350
-3.214983 3.214183
-3.087232 3.086061
-3.465842 3.465217
-3.298627 3.297789
-3.566709 3.566252
-2.992936 2.991581
-2.656841 2.651156
-3.680852 3.680571
-3.280387 3.279506
-3.262800 3.261858
-3.600486 3.600115
-3.607825 3.607441
-3.181489 3.180490
-3.819427 3.819427
-3.483508 3.482897
-3.839697 3.839739
-3.747704 3.747560
-3.008839 3.006545
-2.271954 2.264786
-2.917173 2.914254
-3.678674 3.678396
-2.706047 2.702464
-3.483924 3.483406
-2.679928 2.674731
-3.274868 3.274032
-3.578601 3.578195
-3.808014 3.807993
-3.759061 3.758965
-3.603940 3.603519
-3.385811 3.385113
-3.496053 3.495492
-3.338235 3.337511
-3.640090 3.639718
-3.538317 3.537852
-3.752714 3.752574
-3.666135 3.665823
-3.142648 3.141595
-3.564354 3.563929
-3.142296 3.141179
-3.156969 3.155933
-3.768202 3.768096
-3.200998 3.200026
-3.543850 3.543370
-3.830912 3.830938
2.206449 -2.260265
-0.777801 0.760462
1.009909 -1.040409
-0.438087 0.417972
0.758100 -0.786764
-1.660234 1.649222
1.194876 -1.228121
1.645528 -1.688453
2.276749 -2.331918
1.257173 -1.291943
