0.000552 0.999448
0.000363 0.999637
0.000574 0.999426
0.000358 0.999642
0.000598 0.999402
0.000623 0.999377
0.002077 0.997923
0.008779 0.991221
0.002774 0.997226
0.000506 0.999494
0.001279 0.998721
0.002880 0.997120
0.012113 0.987887
0.001861 0.998139
0.000313 0.999687
0.000660 0.999340
0.007798 0.992202
0.000365 0.999635
0.000578 0.999422
0.000301 0.999699
0.006013 0.993987
0.003069 0.996931
0.001696 0.998304
0.002837 0.997163
0.000493 0.999507
0.000498 0.999502
0.000486 0.999514
0.000355 0.999645
0.001678 0.998322
0.000881 0.999119
0.005949 0.994051
0.000197 0.999803
0.002587 0.997413
0.000710 0.999290
0.018821 0.981179
0.000537 0.999463
0.029287 0.970713
0.001126 0.998874
0.001189 0.998811
0.001314 0.998686
0.000461 0.999539
0.000708 0.999292
0.000497 0.999503
0.000534 0.999466
0.000701 0.999299
0.000450 0.999550
0.002244 0.997756
0.000310 0.999690
0.001031 0.998969
0.001183 0.998817
0.008609 0.991391
0.000571 0.999429
0.002139 0.997861
0.002666 0.997334
0.001303 0.998697
0.006350 0.993650
0.000486 0.999514
0.000496 0.999504
0.000330 0.999670
0.387884 0.612116
0.000538 0.999462
0.000423 0.999577
0.000189 0.999811
0.000492 0.999508
0.001596 0.998404
0.004176 0.995824
0.000836 0.999164
0.000381 0.999619
0.002640 0.997360
0.001732 0.998268
0.000312 0.999688
0.001115 0.998885
0.000506 0.999494
0.000729 0.999271
0.122843 0.877157
0.000312 0.999688
0.000700 0.999300
0.005163 0.994837
0.000332 0.999668
0.321342 0.678658
0.004199 0.995801
0.019560 0.980440
0.001191 0.998809
0.000962 0.999038
0.000549 0.999451
0.000404 0.999596
0.000529 0.999471
0.001232 0.998768
0.002582 0.997418
0.000891 0.999109
0.000356 0.999644
0.000588 0.999412
0.000285 0.999715
0.000615 0.999385
0.000612 0.999388
0.023388 0.976612
0.000379 0.999621
0.001406 0.998594
0.000439 0.999561
0.000247 0.999753
0.000626 0.999374
0.000529 0.999471
0.001014 0.998986
0.000820 0.999180
0.523117 0.476883
0.998766 0.001234
0.993728 0.006272
0.986860 0.013140
0.882717 0.117283
0.700161 0.299839
0.967006 0.032994
0.994186 0.005814
0.999997 0.000003
0.999963 0.000037
