0.001845 0.998155
0.000456 0.999544
0.001445 0.998555
0.000200 0.999800
0.000740 0.999260
0.000287 0.999713
0.000695 0.999305
0.000778 0.999222
0.000264 0.999736
0.000405 0.999595
0.000266 0.999734
0.000340 0.999660
0.000242 0.999758
0.000291 0.999709
0.000461 0.999539
0.000369 0.999631
0.001196 0.998804
0.000122 0.999878
0.000186 0.999814
0.017367 0.982633
0.000279 0.999721
0.000181 0.999819
0.000812 0.999188
0.003849 0.996151
0.000347 0.999653
0.001099 0.998901
0.002538 0.997462
0.000537 0.999463
0.000757 0.999243
0.001436 0.998564
0.000508 0.999492
0.000275 0.999725
0.000931 0.999069
0.000411 0.999589
0.006334 0.993666
0.000389 0.999611
0.000253 0.999747
0.002228 0.997772
0.003761 0.996239
0.001230 0.998770
0.000230 0.999770
0.001041 0.998959
0.000620 0.999380
0.000566 0.999434
0.000239 0.999761
0.000348 0.999652
0.008823 0.991177
0.002148 0.997852
0.000456 0.999544
0.002582 0.997418
0.000167 0.999833
0.000501 0.999499
0.000607 0.999393
0.004171 0.995829
0.000245 0.999755
0.000561 0.999439
0.091315 0.908685
0.000413 0.999587
0.003348 0.996652
0.004284 0.995716
0.000379 0.999621
0.000359 0.999641
0.000386 0.999614
0.000324 0.999676
0.000483 0.999517
0.000503 0.999497
0.000634 0.999366
0.000303 0.999697
0.008802 0.991198
0.000399 0.999601
0.000260 0.999740
0.000498 0.999502
0.001472 0.998528
0.001663 0.998337
0.000584 0.999416
0.000354 0.999646
0.000336 0.999664
0.000866 0.999134
0.000313 0.999687
0.000415 0.999585
0.000399 0.999601
0.012009 0.987991
0.000951 0.999049
0.000913 0.999087
0.000256 0.999744
0.003190 0.996810
0.000227 0.999773
0.002032 0.997968
0.000455 0.999545
0.001762 0.998238
0.001243 0.998757
0.000261 0.999739
0.002450 0.997550
0.001289 0.998711
0.000169 0.999831
0.000363 0.999637
0.000335 0.999665
0.000645 0.999355
0.000428 0.999572
0.000630 0.999370
0.000244 0.999756
0.000401 0.999599
0.008999 0.991001
0.001539 0.998461
0.999848 0.000152
0.895934 0.104066
0.999791 0.000209
0.881252 0.118748
0.999938 0.000062
0.814050 0.185950
0.966867 0.033133
0.855616 0.144384
0.960731 0.039269
0.987035 0.012965
