0.000320 0.999680
0.000196 0.999804
0.000804 0.999196
0.001680 0.998320
0.000153 0.999847
0.000047 0.999953
0.001264 0.998736
0.000238 0.999762
0.001708 0.998292
0.002007 0.997993
0.000341 0.999659
0.004141 0.995859
0.000490 0.999510
0.000174 0.999826
0.000377 0.999623
0.002051 0.997949
0.001000 0.999000
0.000446 0.999554
0.000425 0.999575
0.008667 0.991333
0.005983 0.994017
0.000245 0.999755
0.000336 0.999664
0.000352 0.999648
0.000539 0.999461
0.000223 0.999777
0.001949 0.998051
0.005213 0.994787
0.000287 0.999713
0.000473 0.999527
0.000411 0.999589
0.001802 0.998198
0.000765 0.999235
0.000445 0.999555
0.000193 0.999807
0.002362 0.997638
0.000637 0.999363
0.000332 0.999668
0.000523 0.999477
0.000424 0.999576
0.000157 0.999843
0.000196 0.999804
0.000555 0.999445
0.001622 0.998378
0.000480 0.999520
0.002292 0.997708
0.000273 0.999727
0.000853 0.999147
0.000515 0.999485
0.029244 0.970756
0.000240 0.999760
0.000730 0.999270
0.000456 0.999544
0.000579 0.999421
0.000733 0.999267
0.002738 0.997262
0.004346 0.995654
0.006215 0.993785
0.002774 0.997226
0.000031 0.999969
0.003520 0.996480
0.000362 0.999638
0.000282 0.999718
0.000186 0.999814
0.004739 0.995261
0.016906 0.983094
0.000467 0.999533
0.001594 0.998406
0.001977 0.998023
0.000397 0.999603
0.000273 0.999727
0.000380 0.999620
0.000251 0.999749
0.000362 0.999638
0.000346 0.999654
0.000559 0.999441
0.004829 0.995171
0.006950 0.993050
0.006302 0.993698
0.000406 0.999594
0.000941 0.999059
0.000210 0.999790
0.000017 0.999983
0.001012 0.998988
0.000558 0.999442
0.000544 0.999456
0.000280 0.999720
0.000394 0.999606
0.000627 0.999373
0.000623 0.999377
0.000190 0.999810
0.000502 0.999498
0.000181 0.999819
0.000393 0.999607
0.000633 0.999367
0.000889 0.999111
0.000224 0.999776
0.001740 0.998260
0.000785 0.999215
0.000419 0.999581
0.002069 0.997931
0.000271 0.999729
0.000290 0.999710
0.999761 0.000239
0.789887 0.210113
0.980274 0.019726
0.588641 0.411359
0.921753 0.078247
0.152604 0.847396
0.990361 0.009639
0.994649 0.005351
0.999917 0.000083
0.984748 0.015252
