-1.977437 1.989643
-1.736622 1.746411
-2.127747 2.141055
-2.089566 2.102623
-2.044229 2.056879
-1.611613 1.620518
-2.101091 2.114216
-1.957461 1.969427
-2.100991 2.114102
-2.010444 2.022795
-2.134063 2.147447
-2.136117 2.149502
-1.684278 1.693576
-2.074131 2.087037
-2.093834 2.106894
-2.120641 2.133937
-2.107272 2.120434
-2.068434 2.081371
-2.089592 2.102594
-2.091300 2.104405
-2.113978 2.127238
-2.113376 2.126569
-2.093436 2.106527
-2.059468 2.072199
-2.092340 2.105415
-2.120715 2.134005
-2.102273 2.115392
-2.105131 2.118286
-1.930696 1.942343
-2.026442 2.038967
-2.112259 2.125442
-2.083108 2.096099
-1.987743 1.999896
-2.041849 2.054450
-2.126832 2.140159
-2.099545 2.112679
-1.382379 1.385991
-1.767735 1.777943
-2.091289 2.104345
-1.455615 1.462767
-2.104959 2.118093
-2.087963 2.100972
-2.128531 2.141883
-1.936135 1.947787
-2.000448 2.012733
-2.116822 2.130062
-2.084870 2.097868
-2.062495 2.075285
-2.093069 2.106135
-1.457695 1.464849
-2.142499 2.155926
-2.131075 2.144429
-2.150666 2.164088
-2.126273 2.139600
-2.113605 2.126833
-2.089496 2.102504
-2.125822 2.139149
-1.685047 1.694615
-2.113448 2.126676
-2.139901 2.153316
-1.293841 1.299501
-2.132468 2.145846
-2.045447 2.058067
-2.044774 2.057412
-1.946485 1.958242
-2.135750 2.149140
-2.058603 2.071400
-2.135006 2.148391
-2.105323 2.118507
-2.120565 2.133842
-2.036761 2.049332
-2.110731 2.123922
-2.058348 2.071170
-2.094588 2.107635
-1.876743 1.887911
-2.048000 2.060669
-2.132870 2.146252
-2.034829 2.047402
-2.067115 2.079986
-2.068858 2.081691
-2.094559 2.107644
-2.108088 2.121313
-2.094250 2.107306
-2.100945 2.114113
-2.031248 2.043783
-2.076331 2.089244
-2.078694 2.091639
-2.134368 2.147747
-2.109277 2.122470
-1.998315 2.010560
-2.007970 2.020369
-2.146295 2.159739
-2.048845 2.061529
-2.103112 2.116261
-2.077450 2.090419
-2.007100 2.019413
-1.774904 1.785119
-1.998833 2.011117
-2.050243 2.062916
-2.099041 2.112136
-2.105403 2.118574
-2.089842 2.102849
-2.126656 2.139967
-2.093371 2.106451
1.451498 -1.470459
1.011883 -1.027720
1.264482 -1.282213
1.476327 -1.495487
0.953540 -0.968973
1.370855 -1.389260
-0.200637 0.195295
0.851349 -0.865807
1.140142 -1.157121
0.584535 -0.596803
