-2.574238 2.482330
-2.828499 2.736059
-2.404866 2.313331
-2.069886 1.978770
-2.988971 2.896208
-3.274868 3.181489
-2.198766 2.107574
-2.528269 2.436538
-2.081783 1.990573
-2.178631 2.087512
-2.546239 2.454457
-1.807457 1.716678
-2.414521 2.323051
-2.677176 2.585156
-2.463431 2.371824
-2.219178 2.127827
-2.131175 2.040165
-2.700992 2.608854
-2.615259 2.523205
-1.965486 1.874395
-1.779644 1.688725
-2.632908 2.540915
-2.536738 2.444926
-2.733507 2.641280
-2.668069 2.576057
-2.772307 2.679968
-2.005256 1.914202
-2.044431 1.952996
-2.637520 2.545525
-2.451906 2.360333
-2.583297 2.491369
-2.034752 1.943715
-2.575552 2.483653
-2.478655 2.386962
-2.894233 2.801697
-1.999270 1.908156
-2.297206 2.206032
-2.527785 2.436068
-2.547032 2.455187
-2.548159 2.456347
-2.889130 2.796618
-2.730829 2.638663
-2.545923 2.454135
-2.079192 1.988000
-2.533976 2.442272
-2.101989 2.010789
-2.648330 2.556332
-2.517752 2.426003
-2.629082 2.537066
-1.181663 1.091478
-2.840749 2.748269
-2.479258 2.387610
-2.580564 2.488655
-2.485945 2.394265
-2.256331 2.165013
-1.970754 1.879570
-1.829715 1.738860
-1.703743 1.613041
-1.950095 1.859134
-3.420069 3.326417
-1.879410 1.788563
-2.659445 2.567369
-2.792172 2.699884
-2.729031 2.636867
-1.826926 1.736099
-1.476800 1.386292
-2.551459 2.459631
-2.187862 2.096471
-1.993467 1.902553
-2.586145 2.494216
-2.655737 2.563694
-2.603165 2.511283
-2.566848 2.474982
-2.593742 2.501882
-2.426128 2.334589
-2.364542 2.273150
-1.762434 1.671648
-1.853075 1.761967
-1.615375 1.524707
-2.528435 2.436640
-2.542608 2.450761
-2.702394 2.610277
-3.842127 3.747555
-2.474949 2.383111
-2.516280 2.424510
-2.321312 2.230038
-2.560096 2.468307
-2.545917 2.454135
-2.597872 2.505877
-2.421174 2.329631
-2.916051 2.823471
-2.454422 2.362841
-2.738319 2.646185
-2.372415 2.281103
-2.403359 2.311887
-2.329721 2.238234
-2.740962 2.648755
-2.078249 1.987123
-2.577572 2.485545
-2.488432 2.396711
-2.155187 2.063789
-2.719429 2.627248
-2.457690 2.366133
1.697736 -1.785866
0.155337 -0.244161
0.930760 -1.018700
-0.047037 -0.042120
0.635297 -0.723601
-0.706363 0.616597
1.085169 -1.173054
1.329664 -1.417579
1.815257 -1.903541
1.080854 -1.168891
