-2.104120 2.089072
-2.104636 2.089598
-2.081192 2.066160
-2.104823 2.089791
-2.063451 2.048476
-2.042653 2.027738
-1.920762 1.906401
-1.882157 1.868019
-1.931435 1.917019
-2.086776 2.071754
-2.095961 2.080885
-1.938372 1.924047
-1.403477 1.392779
-1.922282 1.907976
-2.107618 2.092583
-2.067516 2.052528
-1.695957 1.683086
-2.098450 2.083419
-2.062456 2.047520
-2.107598 2.092557
-1.744177 1.730974
-1.907397 1.893176
-1.899103 1.884744
-1.893872 1.879824
-2.097798 2.082754
-2.079578 2.064554
-2.091125 2.076055
-2.095745 2.080669
-1.982346 1.967731
-1.999755 1.984953
-1.702274 1.689437
-2.118643 2.103643
-1.915760 1.901538
-2.066819 2.051838
-1.638890 1.626482
-2.091025 2.076007
-1.440385 1.429381
-1.995835 1.981154
-2.051489 2.036390
-2.044277 2.029342
-2.097992 2.082969
-2.076286 2.061219
-2.086343 2.071316
-2.082752 2.067683
-2.055297 2.040356
-2.096728 2.081681
-1.925106 1.910859
-2.107938 2.092896
-2.034444 2.019526
-1.974730 1.960142
-1.755759 1.742627
-2.086537 2.071487
-1.841403 1.827297
-1.961976 1.947437
-1.928026 1.913598
-1.807297 1.793657
-2.075521 2.060496
-2.096124 2.081105
-2.108897 2.093876
-0.908256 0.901007
-2.071291 2.056293
-2.092946 2.077905
-2.117257 2.102265
-2.092459 2.077447
-2.048373 2.033431
-1.950512 1.935910
-2.023340 2.008483
-2.095490 2.080443
-1.925853 1.911522
-1.984350 1.969674
-2.109081 2.094033
-2.064376 2.049356
-2.081059 2.066046
-2.082615 2.067573
-0.818364 0.811998
-2.114424 2.099406
-2.046533 2.031610
-1.790882 1.777395
-2.073249 2.058267
-0.374326 0.371047
-1.819215 1.805590
-1.661942 1.649253
-1.982622 1.968006
-2.035188 2.020136
-2.079535 2.064469
-2.061773 2.046804
-2.056948 2.041962
-1.973943 1.959373
-1.921111 1.906856
-2.018122 2.003320
-2.098479 2.083431
-2.083787 2.068733
-2.098579 2.083498
-2.064490 2.049495
-2.086090 2.071057
-1.402508 1.391781
-2.096967 2.081921
-2.038450 2.023510
-2.076548 2.061527
-2.109255 2.094218
-2.076805 2.061795
-2.068546 2.053519
-2.049693 2.034754
-2.081196 2.066134
-0.302096 0.299309
1.467021 -1.465511
1.390513 -1.387704
1.309240 -1.305828
0.430545 -0.428801
0.291715 -0.290937
1.063627 -1.059774
1.306318 -1.302958
1.718151 -1.728845
1.611239 -1.617021
