0.003240 0.996760
0.000297 0.999703
0.000448 0.999552
0.000378 0.999622
0.000629 0.999371
0.000436 0.999564
0.000384 0.999616
0.000622 0.999378
0.001168 0.998832
0.006773 0.993227
0.000230 0.999770
0.002295 0.997705
0.001284 0.998716
0.000342 0.999658
0.000556 0.999444
0.000350 0.999650
0.000433 0.999567
0.000955 0.999045
0.014715 0.985285
0.000813 0.999187
0.000521 0.999479
0.001665 0.998335
0.000586 0.999414
0.001286 0.998714
0.000447 0.999553
0.000260 0.999740
0.001267 0.998733
0.000277 0.999723
0.001054 0.998946
0.001219 0.998781
0.001282 0.998718
0.000289 0.999711
0.004430 0.995570
0.001900 0.998100
0.000543 0.999457
0.000386 0.999614
0.000869 0.999131
0.001369 0.998631
0.002371 0.997629
0.000986 0.999014
0.000438 0.999562
0.000270 0.999730
0.000775 0.999225
0.000314 0.999686
0.016344 0.983656
0.002016 0.997984
0.000870 0.999130
0.000564 0.999436
0.000382 0.999618
0.001415 0.998585
0.000633 0.999367
0.000391 0.999609
0.000352 0.999648
0.001973 0.998027
0.000313 0.999687
0.000620 0.999380
0.001547 0.998453
0.000528 0.999472
0.000262 0.999738
0.000866 0.999134
0.001529 0.998471
0.000499 0.999501
0.000400 0.999600
0.004988 0.995012
0.000565 0.999435
0.001753 0.998247
0.001308 0.998692
0.002443 0.997557
0.000205 0.999795
0.000443 0.999557
0.000481 0.999519
0.006463 0.993537
0.000414 0.999586
0.007937 0.992063
0.000415 0.999585
0.001391 0.998609
0.000448 0.999552
0.001404 0.998596
0.001740 0.998260
0.064724 0.935276
0.006136 0.993864
0.000680 0.999320
0.000457 0.999543
0.001984 0.998016
0.017714 0.982286
0.020154 0.979846
0.000217 0.999783
0.000687 0.999313
0.000494 0.999506
0.000442 0.999558
0.000727 0.999273
0.000691 0.999309
0.000461 0.999539
0.355070 0.644930
0.001269 0.998731
0.000307 0.999693
0.000486 0.999514
0.000613 0.999387
0.003934 0.996066
0.001681 0.998319
0.000333 0.999667
0.000464 0.999536
0.000305 0.999695
0.001199 0.998801
0.997522 0.002478
0.998035 0.001965
0.999999 0.000001
0.999961 0.000039
0.868439 0.131561
0.923566 0.076434
0.999821 0.000179
0.999991 0.000009
0.423075 0.576925
0.937261 0.062739
