-1.973692 1.949392
-2.118752 2.093202
-2.109063 2.083562
-2.113061 2.087528
-2.110268 2.084769
-2.125350 2.099797
-2.122696 2.097139
-2.110993 2.085485
-2.070271 2.045075
-1.882912 1.859511
-2.124315 2.098755
-1.960433 1.936247
-2.021414 1.996636
-2.120476 2.094924
-2.070276 2.045061
-2.128836 2.103297
-2.123024 2.097471
-2.084167 2.058856
-1.661298 1.640221
-2.071913 2.046679
-2.116448 2.090917
-2.014467 1.989754
-2.070061 2.044845
-2.026812 2.001983
-2.119903 2.094356
-2.117669 2.092115
-2.043628 2.018655
-2.122672 2.097114
-2.057277 2.032165
-2.041996 2.017032
-2.062989 2.037863
-2.120374 2.094814
-1.902407 1.878802
-2.002035 1.977437
-2.113393 2.087873
-2.102943 2.077461
-2.090856 2.065481
-2.073545 2.048323
-1.949643 1.925580
-2.036349 2.011428
-2.050584 2.025509
-2.120760 2.095204
-2.094663 2.069273
-2.122570 2.097014
-1.501830 1.482480
-1.953070 1.928928
-2.043616 2.018636
-2.107809 2.082321
-2.098331 2.072888
-2.049632 2.024609
-2.070750 2.045521
-2.109082 2.083576
-2.118957 2.093413
-2.015520 1.990807
-2.123230 2.097669
-2.022059 1.997238
-2.011297 1.986625
-2.116003 2.090468
-2.125330 2.099771
-2.095755 2.070355
-2.046631 2.021619
-2.103909 2.078439
-2.077002 2.051720
-1.826840 1.804012
-2.077971 2.052687
-2.016355 1.991639
-2.049588 2.024542
-1.990001 1.965532
-2.101740 2.076263
-2.090151 2.064768
-2.107214 2.081727
-1.932763 1.908856
-2.107094 2.081603
-1.782618 1.760153
-2.122705 2.097150
-2.032264 2.007389
-2.097559 2.072123
-1.995223 1.970663
-2.031760 2.006898
-1.197549 1.181450
-1.840166 1.817204
-2.110519 2.085020
-2.111320 2.085810
-2.021897 1.997132
-1.642455 1.621615
-1.638361 1.617562
-2.122026 2.096464
-2.105967 2.080491
-2.099864 2.074420
-2.089794 2.064414
-2.075018 2.049755
-2.096957 2.071541
-2.113685 2.088158
-0.456309 0.448278
-2.093451 2.068067
-2.115856 2.090310
-2.116857 2.091324
-2.073256 2.048012
-1.958005 1.933853
-2.021427 1.996657
-2.106090 2.080599
-2.092243 2.066850
-2.127065 2.101514
-2.040854 2.015895
1.370374 -1.361008
1.407041 -1.397319
1.890928 -1.877444
1.775754 -1.763561
0.799587 -0.795043
0.689676 -0.686095
1.625185 -1.614081
1.808419 -1.795871
-0.226503 0.220725
1.015277 -1.008779
