-3.558165 2.810445
-3.710175 2.896831
-2.953419 2.255713
-3.441541 2.713946
-3.495901 2.669391
-3.565219 2.622416
-3.260545 2.554004
-3.561110 2.859760
-3.107319 2.368469
-3.494000 2.617578
-3.508424 2.720180
-3.237893 2.506349
-3.485536 2.672072
-3.702604 2.810227
-3.220450 2.467090
-3.796984 2.924894
-3.205090 2.446261
-3.469107 2.717203
-3.059929 2.307606
-3.525936 2.797208
-3.105180 2.437502
-2.888883 2.232266
-3.387837 2.627438
-2.905114 2.227875
-3.504222 2.707305
-3.259211 2.545443
-3.127236 2.412698
-3.124938 2.455623
-3.357107 2.597991
-3.521460 2.779924
-2.518901 1.883816
-3.350320 2.607165
-3.312096 2.594449
-3.327334 2.558184
-3.152909 2.448065
-3.204310 2.461492
-6.228022 5.360652
-3.627300 2.834740
-3.090176 2.480314
-3.406258 2.747148
-3.241607 2.492618
-3.239214 2.535822
-3.269947 2.623735
-3.287260 2.516897
-3.553208 2.766832
-3.132133 2.419147
-3.359179 2.647160
-3.286508 2.566686
-3.236233 2.550878
-3.402545 2.637879
-3.103765 2.450330
-2.923787 2.265451
-3.260616 2.618274
-3.284128 2.564384
-3.116686 2.412688
-3.286479 2.516934
-3.168201 2.475466
-3.597085 2.877177
-3.433176 2.661861
-3.228119 2.495753
-2.438514 2.028829
-3.473886 2.732817
-3.143791 2.474247
-3.487990 2.715728
-3.232731 2.544120
-3.508978 2.754044
-3.569934 2.791956
-3.370155 2.607792
-3.283337 2.623995
-2.997930 2.378919
-3.543964 2.694270
-2.985773 2.302854
-3.621760 2.827979
-3.007128 2.253677
-3.841107 3.002411
-3.491825 2.702564
-3.451385 2.812435
-3.667703 2.880256
-3.474523 2.743192
-3.249670 2.526990
-3.676384 2.859419
-3.302593 2.643507
-2.957014 2.270428
-3.374258 2.710799
-3.348474 2.621759
-3.405170 2.650265
-3.506032 2.720492
-3.277549 2.555238
-3.552371 2.788153
-3.582630 2.727210
-3.537733 2.806617
-3.406558 2.678270
-3.339277 2.624483
-3.501303 2.702607
-3.419451 2.714782
-2.333562 1.753079
-3.923061 3.075747
-3.090092 2.458213
-2.952385 2.274496
-3.290778 2.542778
-3.613820 2.768624
-3.280773 2.579616
-3.108325 2.353867
-3.526551 2.767185
3.098679 -3.914379
3.013218 -3.860008
2.475238 -3.276424
3.344960 -4.020652
2.253515 -2.946242
2.204524 -2.630189
0.518040 -1.019555
1.892774 -2.566334
2.747652 -3.372416
2.360925 -3.067318
