0.000347 0.999653
0.000183 0.999817
0.000160 0.999840
0.004401 0.995599
0.000535 0.999465
0.000252 0.999748
0.269871 0.730129
0.000940 0.999060
0.000296 0.999704
0.000196 0.999804
0.000950 0.999050
0.000146 0.999854
0.000555 0.999445
0.000124 0.999876
0.000209 0.999791
0.002236 0.997764
0.000401 0.999599
0.000185 0.999815
0.000446 0.999554
0.000361 0.999639
0.000194 0.999806
0.001549 0.998451
0.001969 0.998031
0.000084 0.999916
0.000503 0.999497
0.000282 0.999718
0.000362 0.999638
0.007437 0.992563
0.000350 0.999650
0.000168 0.999832
0.002124 0.997876
0.000106 0.999894
0.000278 0.999722
0.001001 0.998999
0.001332 0.998668
0.000232 0.999768
0.001467 0.998533
0.003455 0.996545
0.000190 0.999810
0.002445 0.997555
0.000235 0.999765
0.000158 0.999842
0.000318 0.999682
0.000480 0.999520
0.000901 0.999099
0.006021 0.993979
0.002818 0.997182
0.000293 0.999707
0.000408 0.999592
0.000090 0.999910
0.000236 0.999764
0.000321 0.999679
0.000339 0.999661
0.002004 0.997996
0.000181 0.999819
0.000425 0.999575
0.942532 0.057468
0.000618 0.999382
0.000155 0.999845
0.000229 0.999771
0.000637 0.999363
0.000359 0.999641
0.000383 0.999617
0.001919 0.998081
0.000086 0.999914
0.001321 0.998679
0.001235 0.998765
0.000213 0.999787
0.000105 0.999895
0.000230 0.999770
0.000092 0.999908
0.002418 0.997582
0.000322 0.999678
0.000795 0.999205
0.000599 0.999401
0.000214 0.999786
0.000380 0.999620
0.014660 0.985340
0.000209 0.999791
0.000354 0.999646
0.001365 0.998635
0.000177 0.999823
0.038924 0.961076
0.000794 0.999206
0.001683 0.998317
0.000436 0.999564
0.000192 0.999808
0.002254 0.997746
0.002718 0.997282
0.000299 0.999701
0.000365 0.999635
0.000195 0.999805
0.001002 0.998998
0.000190 0.999810
0.000177 0.999823
0.025118 0.974882
0.000733 0.999267
0.000169 0.999831
0.000213 0.999787
0.001384 0.998616
0.034293 0.965707
0.000151 0.999849
0.000508 0.999492
0.000207 0.999793
0.964358 0.035642
0.938239 0.061761
0.985975 0.014025
0.553844 0.446156
0.999972 0.000028
1.000000 0.000000
0.220349 0.779651
0.982797 0.017203
0.991196 0.008804
0.299680 0.700320
