-2.880460 2.633610
-3.339112 3.059201
-3.117793 2.934973
-3.305258 2.942734
-3.278088 3.008886
-2.771204 2.572312
-0.386591 0.593051
-2.979158 2.710714
-2.828100 2.656698
-2.933694 2.727834
-3.247658 2.959846
-3.169409 2.911716
-3.208717 2.978143
-3.018279 2.819632
-2.710323 2.488835
-3.256005 3.001843
-2.990912 2.768265
-2.958971 2.742036
-3.084898 2.774707
-2.670733 2.355994
-3.066989 2.861519
-3.020859 2.897262
-3.040398 2.818301
-3.030126 2.804143
-2.998375 2.761390
-2.969248 2.671252
-3.052343 2.728678
-2.617300 2.361132
-3.108909 2.831046
-3.198863 2.974062
-2.872825 2.708145
-3.261108 2.997818
-2.925217 2.666438
-2.958269 2.798729
-3.175200 3.087321
-3.136000 2.886374
-3.593632 3.284740
-3.392098 2.977218
-3.257542 3.031177
-3.238549 3.041985
-3.022936 2.777726
-2.927317 2.665988
-3.040230 2.852555
-3.138242 2.906040
-3.381900 3.136758
-3.323900 3.006253
-3.013330 2.846401
-3.019315 2.845649
-2.738554 2.682908
-2.695146 2.499424
-2.713673 2.487736
-3.322644 3.080548
-2.994231 2.779137
-3.186594 2.972577
-3.070082 2.904851
-2.852765 2.606595
1.887476 -1.427373
-3.054264 2.778632
-3.014102 2.800956
-3.021420 2.778791
-2.602212 2.368477
-3.056161 2.789434
-3.030181 2.781917
-2.388467 2.263443
-3.314085 3.007099
-3.260057 2.943833
-2.929949 2.637387
-2.676080 2.619539
-3.019717 2.755422
-2.312405 2.079819
-3.062527 2.793303
-3.033023 2.784325
-2.918536 2.754809
-3.202423 3.062288
-3.783053 3.648757
-3.045365 2.792511
-2.750708 2.664269
-2.270847 2.409113
-3.346683 3.119504
-3.084058 2.769179
-3.148628 2.863868
-3.355507 3.121193
-3.443789 3.054539
-3.246961 2.949762
-3.347283 3.004612
-3.208680 2.981214
-2.924438 2.823703
-3.114877 2.921919
-3.085032 2.932776
-3.123793 2.898203
-3.170182 2.921473
-2.941638 2.685658
-2.992134 2.753349
-3.098984 2.916356
-3.534322 3.399653
-3.203130 2.880150
-3.133563 2.830268
-2.778484 2.572839
-2.730171 2.434292
-3.205960 2.993212
-2.749592 2.530777
-3.012355 2.760161
-2.954959 2.796591
-2.982766 2.794834
3.259704 -2.573619
3.444141 -2.795791
3.759788 -2.965044
2.125391 -1.741949
3.037773 -2.513773
-2.551750 2.445411
1.838825 -1.322620
3.483803 -2.767761
3.946991 -3.196933
1.708917 -1.234506
