-2.039226 2.046435
-2.100153 2.107704
-1.968694 1.975422
-2.179955 2.188458
-2.043861 2.051046
-2.135399 2.143200
-2.082723 2.090178
-2.112508 2.120247
-2.119494 2.127166
-2.107742 2.115340
-2.157740 2.165860
-2.173229 2.181509
-2.134476 2.142288
-2.155762 2.163827
-2.164811 2.172982
-2.146331 2.154289
-1.974470 1.981212
-2.081884 2.091115
-2.174803 2.183128
-1.319306 1.322638
-2.111781 2.119364
-2.179267 2.187789
-2.021877 2.028981
-1.779468 1.785159
-2.154142 2.162164
-1.946346 1.952928
-1.884676 1.890948
-2.066498 2.073792
-2.084444 2.091939
-1.975168 1.981956
-2.071403 2.078748
-2.117888 2.125553
-2.045436 2.052633
-2.080289 2.087677
-1.773991 1.779655
-2.179597 2.188073
-2.119530 2.127165
-1.881097 1.887330
-1.794469 1.800210
-2.031890 2.038994
-2.174323 2.182642
-2.045580 2.052763
-2.016370 2.023364
-2.066748 2.074061
-2.156291 2.164357
-2.102999 2.110556
-1.606596 1.611364
-1.893448 1.899737
-2.112039 2.119694
-1.946493 1.953199
-2.179557 2.188051
-2.070040 2.077369
-2.130778 2.138594
-1.778916 1.784616
-2.143344 2.151227
-2.092539 2.100070
-0.483508 0.482803
-2.111057 2.118709
-1.852664 1.858737
-1.758863 1.764438
-2.144278 2.152208
-2.181744 2.190427
-2.047381 2.054545
-2.094809 2.102289
-2.075682 2.083015
-2.110945 2.118616
-2.021159 2.028180
-2.069947 2.077217
-1.603256 1.608012
-2.074658 2.082006
-2.118824 2.126499
-2.147332 2.155281
-1.994640 2.001507
-1.929586 1.936078
-2.094265 2.101784
-2.112185 2.119806
-2.137424 2.145275
-2.010790 2.017764
-2.164499 2.172725
-2.125903 2.133711
-2.133455 2.141310
-1.665967 1.671104
-2.074494 2.081926
-2.009463 2.016406
-2.155186 2.163243
-1.723502 1.728862
-2.174742 2.183400
-2.033625 2.040817
-2.090400 2.097880
-1.906304 1.912633
-1.973783 1.980537
-2.152570 2.160571
-1.900879 1.907238
-1.975811 1.982554
-2.180410 2.188938
-2.122900 2.130637
-2.179030 2.187485
-2.084806 2.092306
-2.115481 2.123163
-2.054402 2.061612
-2.167681 2.175845
-2.057467 2.064683
-1.586469 1.591133
-1.899635 1.905947
1.730522 -1.742451
0.829555 -0.836117
1.697303 -1.708787
0.622193 -0.627898
1.681725 -1.692997
0.123554 -0.127098
0.702678 -0.708762
0.622974 -0.628678
0.757362 -0.763684
1.279917 -1.288410
