-1.805385 1.716211
-2.501441 2.409563
-1.452758 1.364367
-2.860071 2.768464
-2.215421 2.124284
-2.334481 2.242850
-1.308616 1.220532
-2.604680 2.512879
-2.168753 2.077393
-2.674106 2.582362
-2.385271 2.293308
-2.226252 2.135074
-2.472735 2.380835
-0.901889 0.814520
-2.243087 2.151941
-1.990834 1.900448
-2.588563 2.496753
-2.032557 1.942065
-2.422147 2.330551
-2.330251 2.238663
-1.389022 1.300311
-2.433607 2.341675
-2.387304 2.295806
-2.262260 2.171097
-2.639775 2.547999
-2.440304 2.348380
-2.476118 2.384218
-2.410530 2.319045
-1.834380 1.744625
-2.557060 2.465223
-2.731334 2.639643
-2.820132 2.728511
-2.711897 2.620179
-2.191085 2.099696
-2.491119 2.399234
-2.591753 2.499943
-2.250690 2.159399
-1.646330 1.557019
-2.592859 2.501052
-2.592389 2.500580
-1.303376 1.215203
-2.362235 2.270830
-2.811811 2.720172
-2.364853 2.273459
-2.541961 2.450106
-2.529392 2.437535
-2.169630 2.078651
-2.378664 2.288042
-2.421766 2.329828
-2.272729 2.181451
-3.069967 2.978527
-2.188495 2.097629
-2.347404 2.256333
-2.684394 2.592695
0.030770 -0.114616
-2.373518 2.282218
-1.840580 1.750536
-1.145401 1.057634
-2.206519 2.115942
-2.465362 2.373907
-2.025422 1.934665
-2.640871 2.549098
-2.586501 2.494686
-2.510784 2.418911
-2.539868 2.448017
-2.465299 2.373398
-2.608094 2.516308
-1.846874 1.756743
-2.653728 2.561973
-2.010276 1.920251
-2.380202 2.288362
-2.683631 2.591935
-2.659253 2.567496
-2.501268 2.409391
-2.465601 2.374210
-2.566335 2.474510
-2.499862 2.407986
-2.568156 2.476438
-1.634106 1.544632
-2.290686 2.199274
-2.280482 2.189400
-2.590724 2.498914
-2.693674 2.601942
-2.849434 2.757839
-2.728577 2.636881
-2.618171 2.526382
-1.970575 1.880138
-2.590805 2.499003
-1.940329 1.850114
-2.333361 2.241957
-0.517774 0.432503
-2.145498 2.054977
-2.396726 2.305093
-2.567553 2.475724
-2.498067 2.406341
-2.929277 2.837733
-2.771646 2.679977
-2.380334 2.289075
-2.557466 2.465631
-2.758531 2.666851
-2.942811 2.851268
-2.623117 2.531347
-1.356264 1.267766
-1.256935 1.168905
0.513960 -0.597017
1.402779 -1.481350
0.072688 -0.156621
1.622864 -1.699392
1.537503 -1.614869
1.390622 -1.469382
0.233136 -0.316648
1.667756 -1.743837
1.390486 -1.469194
0.411196 -0.494139
