0.002505 0.997495
0.000853 0.999147
0.000371 0.999629
0.000859 0.999141
0.001760 0.998240
0.005207 0.994793
0.000541 0.999459
0.001822 0.998178
0.000379 0.999621
0.000352 0.999648
0.000737 0.999263
0.004497 0.995503
0.001053 0.998947
0.002874 0.997126
0.000366 0.999634
0.000660 0.999340
0.566967 0.433033
0.000389 0.999611
0.000382 0.999618
0.014143 0.985857
0.001740 0.998260
0.002896 0.997104
0.007403 0.992597
0.000534 0.999466
0.000462 0.999538
0.003621 0.996379
0.000384 0.999616
0.000452 0.999548
0.010364 0.989636
0.000507 0.999493
0.000667 0.999333
0.000274 0.999726
0.000767 0.999233
0.000893 0.999107
0.000643 0.999357
0.001494 0.998506
0.000756 0.999244
0.000347 0.999653
0.000512 0.999488
0.079354 0.920646
0.000565 0.999435
0.001667 0.998333
0.001098 0.998902
0.022411 0.977589
0.000976 0.999024
0.000602 0.999398
0.994362 0.005638
0.000776 0.999224
0.000569 0.999431
0.000411 0.999589
0.226184 0.773816
0.003192 0.996808
0.000367 0.999633
0.000686 0.999314
0.001062 0.998938
0.000910 0.999090
0.002459 0.997541
0.001140 0.998860
0.001523 0.998477
0.001006 0.998994
0.001835 0.998165
0.000905 0.999095
0.003322 0.996678
0.001535 0.998465
0.000766 0.999234
0.002360 0.997640
0.000934 0.999066
0.000746 0.999254
0.000388 0.999612
0.000426 0.999574
0.000967 0.999033
0.000613 0.999387
0.001006 0.998994
0.007701 0.992299
0.000637 0.999363
0.024611 0.975389
0.001127 0.998873
0.000470 0.999530
0.000379 0.999621
0.001585 0.998415
0.000552 0.999448
0.000429 0.999571
0.002569 0.997431
0.001640 0.998360
0.000876 0.999124
0.000499 0.999501
0.000785 0.999215
0.000507 0.999493
0.003045 0.996955
0.001425 0.998575
0.000556 0.999444
0.000189 0.999811
0.000537 0.999463
0.000334 0.999666
0.004011 0.995989
0.002325 0.997675
0.002092 0.997908
0.000790 0.999210
0.006605 0.993395
0.000747 0.999253
0.001250 0.998750
0.000860 0.999140
0.000454 0.999546
0.002632 0.997368
0.999665 0.000335
0.985745 0.014255
0.988742 0.011258
0.999995 0.000005
1.000000 0.000000
0.986459 0.013541
1.000000 0.000000
0.990595 0.009405
0.984685 0.015315
1.000000 0.000000
