-1.815922 1.841187
-2.119248 2.146681
-2.083935 2.111280
-2.119061 2.146462
-2.046408 2.073556
-2.074287 2.101605
-2.089721 2.117104
-2.029018 2.056080
-1.957473 1.983970
-1.737619 1.762219
-2.127275 2.154735
-1.908089 1.934184
-1.972866 1.999473
-2.097275 2.124682
-2.060417 2.087638
-2.094018 2.121435
-2.069766 2.097053
-2.006529 2.033407
-1.524541 1.547061
-2.009593 2.036482
-2.068115 2.095390
-1.921659 1.947858
-2.059539 2.086745
-1.965857 1.992427
-2.089404 2.116781
-2.131488 2.158877
-1.958331 1.984832
-2.114452 2.141904
-2.023680 2.050665
-1.975698 2.002336
-1.942882 1.969245
-2.126683 2.154095
-1.736120 1.760693
-1.895904 1.921899
-2.058625 2.085855
-2.117712 2.145100
-2.032153 2.059197
-1.967335 1.993906
-1.869058 1.894848
-1.996620 2.023390
-2.091848 2.119176
-2.122209 2.149658
-2.013398 2.040347
-2.114630 2.142076
-1.546425 1.569113
-1.882902 1.908761
-1.989990 2.016729
-2.068489 2.095752
-2.105268 2.132656
-1.946923 1.973341
-2.049634 2.076783
-2.112905 2.140313
-2.101669 2.129093
-1.889302 1.915249
-2.125080 2.152518
-2.064476 2.091705
-1.929957 1.956229
-2.075850 2.103167
-2.127541 2.154992
-2.022288 2.049251
-1.972211 1.998803
-2.078028 2.105335
-2.084883 2.112217
-1.749210 1.773867
-2.051581 2.078754
-1.917906 1.944057
-2.027991 2.054992
-1.879192 1.905038
-2.124990 2.152382
-2.093513 2.120879
-2.080882 2.108216
-1.691326 1.715532
-2.091730 2.119101
-1.492394 1.514984
-2.088624 2.116002
-1.953922 1.980388
-2.106433 2.133814
-1.959705 1.986223
-1.961417 1.987940
-1.055811 1.073571
-1.739673 1.764234
-2.051288 2.078456
-2.083755 2.111103
-1.884994 1.910885
-1.487914 1.510013
-1.420038 1.441480
-2.137741 2.165127
-2.058014 2.085228
-2.093475 2.120841
-2.102149 2.129518
-2.017882 2.044842
-2.045522 2.072658
-2.089983 2.117354
-0.258438 0.267533
-1.981019 2.007721
-2.132467 2.159825
-2.061131 2.088367
-2.055885 2.083072
-1.791226 1.816338
-1.934861 1.961164
-2.118334 2.145756
-2.074404 2.101693
-2.105125 2.132571
-1.957817 1.984344
1.302807 -1.309953
1.274780 -1.281651
1.478297 -1.482578
1.520010 -1.527571
0.555572 -0.555068
0.555992 -0.555311
1.465146 -1.473512
1.504054 -1.510502
-0.155330 0.163474
0.800399 -0.802453
