-3.620142 3.582046
-3.210956 3.183280
-3.190818 3.176939
-3.144367 3.266110
-2.990209 3.001103
-2.898184 2.868333
-3.196142 3.180769
-3.298906 3.327928
-2.717707 2.726587
-3.222399 3.179918
-3.177860 3.189424
-3.453245 3.451860
-3.011655 2.983835
-3.328684 3.402710
-3.823589 3.717630
-3.362469 3.357609
-3.094312 3.053279
-3.502070 3.715895
-3.528435 3.545224
-3.202911 3.132226
-2.653013 2.620719
-2.920865 2.893347
-3.111260 3.123549
-3.184366 3.171218
-3.243493 3.270092
-2.999897 3.011005
-3.083215 3.033415
-2.916055 2.881517
-3.891667 3.825912
-3.431587 3.367200
-3.051437 3.039007
-2.900510 2.890782
-3.215916 3.157848
-2.816967 2.739344
-3.526288 3.501630
-3.084087 3.194365
-2.338533 2.221411
-3.214324 3.137511
-3.318739 3.305991
-3.141007 3.157516
-3.171047 3.272687
-2.975059 2.989157
-3.180515 3.210730
-2.924369 2.928490
-3.747422 3.788032
-3.136458 3.097301
-3.095160 3.061176
-3.097433 3.051828
-3.110844 3.142112
-3.355666 3.460279
-3.571698 3.598174
-2.684828 2.717801
-3.424514 3.447849
-3.676624 3.631091
-2.939671 2.952264
-3.281546 3.285316
-0.342820 0.124018
-3.135607 3.171727
-3.131903 3.117088
-3.259284 3.236213
-3.208906 3.203058
-3.615982 3.808094
-2.801060 2.802752
-2.584107 2.597895
-2.578486 2.542806
-3.250765 3.274073
-3.041776 3.018126
-2.279552 2.184407
-2.883232 2.856470
-2.814137 2.802690
-2.596552 2.539377
-3.303149 3.271007
-3.038485 3.036877
-3.012580 3.028744
-2.936039 2.947843
-2.985966 2.964402
-2.991933 2.931545
-2.903910 2.894028
-3.113137 3.102957
-3.167861 3.227920
-3.147457 3.205823
-5.057877 5.032981
-3.060335 3.064591
-2.955396 2.910809
-3.433886 3.451823
-3.154814 3.225350
-3.616725 3.586488
-3.441398 3.450853
-3.100874 3.103875
-2.758577 2.674453
-3.251508 3.166580
-3.286740 3.273488
-3.130291 3.106821
-2.865363 2.835747
-3.390957 3.637757
-2.940202 3.017760
-3.889479 3.901024
-3.536528 3.530037
-2.940152 2.939632
-2.893257 2.840871
-3.153270 3.117682
-2.743388 2.704416
-3.129701 3.146737
-3.019045 3.028389
2.382709 -3.169075
1.603049 -2.088371
2.854419 -3.428836
0.119591 -0.277265
3.824897 -4.039217
2.281919 -2.698133
2.083262 -2.776501
0.383271 -0.777834
1.536429 -2.122877
3.313313 -3.935484
