-3.665463 3.768920
-3.545149 3.647558
-3.683403 3.787015
-3.480482 3.582331
-3.491160 3.593102
-3.154820 3.253844
-3.337343 3.437949
-3.701383 3.805151
-3.120420 3.219144
-3.621340 3.724412
-3.552546 3.655020
-3.529203 3.631476
-3.440493 3.541994
-2.045404 2.138203
-3.025803 3.123702
-2.742822 2.838733
-2.954775 3.052054
-3.510015 3.612120
-3.491134 3.593077
-3.319984 3.420438
-3.322779 3.423259
-3.616609 3.719640
-3.515146 3.617295
-3.512518 3.614645
-2.698697 2.794638
-3.543606 3.646003
-3.507738 3.609823
-3.674947 3.778485
-3.193298 3.292659
-3.656913 3.760294
-3.261084 3.361028
-3.622733 3.725818
-3.303999 3.404316
-3.444914 3.546453
-3.208829 3.308325
-3.161939 3.261020
-3.161757 3.260838
-3.534992 3.637313
-3.654954 3.758319
-3.191183 3.290525
-3.307950 3.408302
-3.232000 3.331694
-3.559935 3.662476
-1.430814 1.520666
-3.537014 3.639354
-3.522374 3.624586
-3.585346 3.688106
-3.455004 3.556633
-3.539018 3.641375
-3.480804 3.582658
-3.438098 3.539583
-3.353688 3.454433
-3.513579 3.615717
-2.580091 2.675696
-3.558306 3.660829
-3.204294 3.303749
-3.634120 3.737303
-3.648016 3.751321
-2.608042 2.703941
-3.587209 3.689985
-3.592195 3.695013
-2.851387 2.947680
-3.156715 3.255754
-3.327463 3.427984
-3.365013 3.465858
-3.515455 3.617608
-3.281613 3.381739
-3.207844 3.307327
-2.535858 2.631543
-3.495358 3.597336
-3.024334 3.122223
-3.714538 3.818420
-2.268124 2.362103
-3.077646 3.175993
-3.538059 3.640407
-3.534488 3.636806
-3.532176 3.634473
-3.648582 3.751891
-3.610832 3.713813
-3.204235 3.303690
-3.355144 3.455905
-3.712289 3.816152
-3.676161 3.779709
-3.655965 3.759338
-3.750662 3.854858
-3.584253 3.687001
-2.919374 3.016353
-3.489965 3.591897
-3.606182 3.709127
-3.484810 3.586700
-3.700466 3.804226
-3.333312 3.433884
-3.685003 3.788628
-3.085193 3.183610
-1.627989 1.719221
-3.100482 3.199034
-3.444322 3.545857
-3.365403 3.466250
-1.295188 1.384387
-2.743001 2.839189
-3.080300 3.178677
-3.664732 3.768181
-0.534085 0.621409
-3.104707 3.203293
1.689507 -1.614929
1.924478 -1.849501
-0.788566 0.875207
1.205251 -1.128590
1.670777 -1.596193
2.718962 -2.642582
2.148759 -2.073417
2.288330 -2.212709
2.068001 -1.992738
