-3.834171 3.368047
-3.320683 2.972375
-3.752100 3.092486
-3.088307 2.780685
-3.215877 2.895872
-3.232104 2.855092
-3.763916 3.236982
-2.852757 2.585821
-3.033611 2.776729
-3.452113 3.057110
-2.938233 2.672913
-3.561512 3.118338
-2.998349 2.680973
0.281162 -0.015747
-3.538512 3.126588
-3.683068 3.279242
-3.228798 2.886240
-3.496362 3.083400
-3.597735 3.209281
-3.583952 3.150984
-3.050165 2.693580
-2.279853 2.085506
-3.445627 3.039571
-3.634936 3.239685
-3.637801 3.201761
-3.076470 2.761879
-3.071331 2.784304
-3.653417 3.234878
-3.775564 3.340709
-3.416062 3.031759
-3.869986 3.449775
-3.513018 3.081186
-3.195285 2.853187
-3.248246 2.899459
-2.909404 2.628055
-3.394499 3.000516
-3.179196 2.876877
-2.916682 2.564007
-2.808257 2.537226
-2.844341 2.571219
-3.352267 2.930525
-3.699958 3.211494
-3.537666 3.130298
-3.316038 2.943976
-3.069851 2.784164
-2.977894 2.725246
-3.545823 3.116580
-3.574500 3.113621
-3.025104 2.752123
-3.601308 3.214620
-3.733985 3.281554
-3.652607 3.230431
-3.771350 3.293091
-3.664330 3.173994
0.751410 -0.517888
-3.427673 2.990495
-3.347603 3.006277
-1.828938 1.710839
-3.442694 3.083346
-3.388235 3.023969
-3.124776 2.860759
-3.528965 3.125634
-3.294173 2.950907
-2.717632 2.518024
-2.978535 2.676705
-3.326864 2.983370
-3.162373 2.850544
-3.572644 3.148627
-3.098862 2.768450
-3.938721 3.479300
-3.287222 2.920396
-3.302319 2.909912
-3.628899 3.192860
-3.486619 3.094409
-3.593493 3.152374
-2.950795 2.675235
-3.091285 2.830445
-3.527916 3.064754
-2.952865 2.649687
-3.457649 3.078457
-3.631954 3.166776
-3.118196 2.770693
-3.479023 3.089356
-3.509113 3.025861
-3.198776 2.826801
-3.476957 3.043920
-3.539155 3.108935
-3.473995 3.094361
-3.615617 3.174451
-3.159823 2.811168
-2.974883 2.861774
-4.035639 3.463191
-3.421684 3.074226
-3.083768 2.783468
-3.568752 3.160761
-3.666693 3.197130
-3.222622 2.888742
-3.296055 2.864823
-2.861543 2.601900
-3.199841 2.811341
-3.632166 3.142662
-3.119879 2.787509
-3.054522 2.495106
-3.504190 3.101760
3.399661 -2.535343
2.045471 -1.550463
3.050104 -2.234586
3.588006 -3.033600
3.634567 -2.760695
3.077432 -2.302062
2.971191 -2.174022
4.004559 -2.953301
4.951379 -3.678497
3.002600 -2.168644
