-3.605031 3.603041
-3.662331 3.660566
-3.498951 3.496531
-3.753549 3.752159
-3.466591 3.464035
-3.412123 3.409347
-2.954442 2.949810
-2.099220 2.082542
-2.919893 2.914943
-3.700903 3.699294
-3.424073 3.421370
-3.336801 3.333727
-2.643774 2.635306
-3.075166 3.071039
-3.682104 3.680421
-3.516323 3.513969
-2.569450 2.559901
-3.556361 3.554167
-3.729207 3.727715
-3.522333 3.520003
-2.594645 2.585844
-3.086002 3.081922
-2.734519 2.726269
-3.246463 3.243025
-3.596394 3.594368
-3.507754 3.505367
-3.336253 3.333184
-3.179766 3.176065
-3.332784 3.329693
-3.000870 2.996448
-2.607746 2.598768
-3.566498 3.564351
-3.197449 3.193812
-3.571822 3.569693
-2.463597 2.452914
-3.784683 3.783418
-2.118496 2.103498
-3.334912 3.331828
-3.024482 3.019664
-3.305880 3.302681
-3.787439 3.786183
-3.229520 3.226022
-3.630970 3.629079
-3.319123 3.315979
-3.604491 3.602492
-3.575881 3.573770
-3.252649 3.249237
-3.462563 3.459993
-3.337763 3.334699
-3.230877 3.227376
-3.034712 3.030423
-3.456923 3.454335
-2.034773 2.018407
-3.156021 3.152224
-2.523072 2.513291
-2.987462 2.982884
-3.391184 3.388331
-3.808869 3.807701
-3.813226 3.812076
-0.940186 0.908965
-3.528515 3.526213
-3.568185 3.566043
-3.186182 3.182516
-3.823262 3.822153
-3.293138 3.289908
-2.611034 2.601150
-3.315487 3.312324
-3.527261 3.524950
-3.050430 3.046201
-3.282749 3.279455
-3.286520 3.283252
-3.171658 3.167924
-3.548403 3.546181
-3.577883 3.575792
-1.531095 1.509012
-3.228827 3.225325
-3.457430 3.454839
-2.650329 2.641645
-3.605548 3.603558
-1.081779 1.053290
-3.007580 3.003180
-2.228510 2.214161
-3.460034 3.457449
-2.692327 2.684140
-3.195109 3.191477
-3.349087 3.346061
-3.266820 3.263468
-3.436074 3.433400
-3.273047 3.269714
-3.448634 3.446006
-3.487708 3.485237
-3.392129 3.389281
-3.143376 3.139534
-3.460849 3.458273
-3.628304 3.626409
-2.134175 2.119012
-3.578998 3.576899
-3.241900 3.238450
-3.451169 3.448555
-3.594814 3.592780
-3.634431 3.632555
-3.312951 3.309783
-3.517611 3.515265
-3.261608 3.258241
-0.484437 0.448987
1.696912 -1.767509
1.610857 -1.678776
1.487232 -1.551306
-0.194852 0.155783
-0.089649 0.049407
1.195346 -1.250847
1.560966 -1.627334
2.966127 -3.076228
2.631178 -2.730857
