-2.067442 2.071517
-2.087942 2.092234
-2.086146 2.090424
-2.107152 2.111698
-2.074546 2.078723
-2.075233 2.079391
-2.108922 2.113567
-1.892433 1.895169
-2.071464 2.075595
-2.068926 2.073017
-2.064498 2.068565
-1.737697 1.739501
-1.949705 1.952820
-2.084390 2.088636
-2.019661 2.023319
-1.838867 1.841264
-2.091234 2.095555
-2.061659 2.065663
-2.106712 2.111275
-2.087349 2.091627
-2.116977 2.121911
-2.049182 2.053077
-2.063407 2.067449
-1.993877 1.997318
-1.912317 1.915182
-2.070850 2.074951
-2.098156 2.102582
-2.114744 2.119563
-2.105111 2.109666
-2.068082 2.072161
-2.106745 2.111332
-2.065604 2.069649
-1.974159 1.977446
-2.031748 2.035497
-1.844416 1.846864
-2.081420 2.085648
-2.074459 2.078644
-2.098377 2.102813
-2.078871 2.083070
-2.104493 2.109075
-0.258945 0.253856
-2.073268 2.077384
-2.093780 2.098178
-2.018457 2.022088
-2.100157 2.104613
-2.042662 2.046515
-2.003325 2.006855
-2.053309 2.057248
-2.080496 2.084693
-2.097137 2.101543
0.839567 -0.849471
-1.884459 1.887150
-1.810125 1.812341
-2.090749 2.095097
-2.095608 2.100026
-2.092486 2.096854
-2.111623 2.116327
-2.108494 2.113137
-2.056827 2.060789
-2.014962 2.018572
-2.105626 2.110234
-2.098249 2.102684
-1.012998 1.011211
-2.033190 2.036953
-2.036623 2.040416
-2.093601 2.097991
-2.113933 2.118711
-1.597538 1.598568
-2.081582 2.085806
-2.096343 2.100763
-1.755945 1.757843
-2.054949 2.058897
-2.083721 2.087959
-1.749856 1.751759
-1.842128 1.844563
-1.748710 1.750573
-2.023888 2.027565
-1.995482 1.998922
-2.074152 2.078306
-2.022784 2.026448
-2.017501 2.021135
-1.914140 1.917013
-2.055114 2.059055
-1.819119 1.821394
-2.097354 2.101775
-1.480179 1.480629
-2.080639 2.084837
-2.104830 2.109348
-1.940393 1.943457
-1.845098 1.847543
-2.108247 2.112850
-2.026249 2.029958
-1.946911 1.949998
-1.946796 1.949908
-2.112498 2.117203
-2.101413 2.105893
-2.111968 2.116700
-2.092861 2.097214
-1.481085 1.481570
-2.059391 2.063381
-2.078226 2.082417
-1.923044 1.925969
-2.082302 2.086533
-1.978072 1.981388
0.915206 -0.925652
1.566965 -1.582450
1.512932 -1.527475
1.696105 -1.714208
1.286177 -1.298782
1.561345 -1.576493
1.514333 -1.528936
0.409898 -0.417970
1.412067 -1.425627
1.598825 -1.614683
