-2.753745 2.635347
-3.417158 3.302056
-3.208627 3.093930
-3.204845 3.090153
-3.328478 3.213548
-3.599790 3.484333
-3.261036 3.146237
-2.892780 2.777165
-3.649180 3.533627
-3.479594 3.364371
-3.007970 2.893317
-3.286459 3.171610
-3.497560 3.382301
-3.338688 3.223734
-3.079614 2.965176
-3.297851 3.182980
-3.344238 3.229278
-1.702053 1.565412
-3.173897 3.059265
-1.845311 1.714003
-3.727095 3.611391
-3.337960 3.223009
-2.861668 2.745301
-2.760735 2.644105
-3.409074 3.293987
-3.331659 3.216723
-2.840412 2.725000
-3.586073 3.470643
-2.994424 2.880142
-3.084129 2.969676
-3.425462 3.310342
-3.599851 3.484394
-3.254005 3.139219
-3.634882 3.519356
-2.578039 2.457799
-3.176122 3.061486
-3.762707 3.646933
-3.010956 2.896643
-3.012891 2.898578
-3.325236 3.210311
-3.272130 3.157306
-3.286017 3.171168
-3.385805 3.270764
-3.425101 3.309984
-3.217180 3.102463
-3.586648 3.471216
-2.550701 2.430852
-3.190485 3.075824
-3.423909 3.308794
-2.073162 1.944409
-3.158023 3.043422
-3.516903 3.401607
-3.252605 3.137822
-2.520892 2.399769
-3.603851 3.488385
-3.209204 3.094505
-1.772345 1.638422
-3.334208 3.219266
-2.901389 2.786298
-2.745956 2.628748
-3.330953 3.216017
-2.316126 2.191004
-3.629430 3.513915
-3.645438 3.529893
-3.668260 3.552669
-3.210479 3.095778
-3.376647 3.261624
-3.789678 3.673852
-2.409132 2.286901
-3.610438 3.494961
-3.522490 3.407182
-3.348500 3.233529
-3.354129 3.239148
-3.244918 3.130150
-3.506036 3.390761
-3.573294 3.457889
-3.429150 3.314023
-3.249268 3.134493
-2.816111 2.698731
-3.199672 3.084991
-3.232705 3.117960
-2.035610 1.901472
-3.179032 3.064390
-3.455187 3.340011
-3.197986 3.083308
-2.938376 2.823233
-3.119132 3.004606
-2.673452 2.554479
-3.481912 3.366684
-3.445058 3.329901
-3.180622 3.065977
-3.397876 3.282809
-2.947372 2.833186
-3.412749 3.297656
-3.065886 2.949581
-3.483853 3.368619
-2.944885 2.828986
-3.088912 2.974447
-3.385565 3.270524
-3.579548 3.464129
-3.464405 3.349210
-3.689918 3.574285
-2.543484 2.422507
-3.318432 3.203522
2.193028 -2.421421
0.873275 -1.046334
2.096482 -2.319739
0.670440 -0.840104
2.193832 -2.422267
-0.210555 0.053948
1.389749 -1.575406
0.750742 -0.921771
1.377623 -1.562638
1.536552 -1.730018
