-3.259936 3.304179
-3.432143 3.478243
-3.332512 3.377540
-3.550465 3.597839
-3.109724 3.152337
-3.325069 3.370008
-3.299327 3.343996
-2.702389 2.741033
-3.225458 3.269322
-3.384856 3.430439
-3.160806 3.203972
-2.539076 2.575995
-2.894325 2.934965
-3.432045 3.478146
-3.071259 3.113463
-2.820367 2.860263
-3.469194 3.515692
-3.357507 3.402800
-3.417510 3.463453
-3.460397 3.506800
-3.364682 3.410055
-3.227484 3.271371
-3.201105 3.244706
-3.016534 3.058140
-2.647032 2.685086
-3.327738 3.372707
-3.455419 3.501771
-3.231736 3.275679
-3.381410 3.426963
-3.311572 3.356367
-3.307617 3.352377
-3.296536 3.341174
-3.198838 3.242402
-3.169624 3.212884
-2.690541 2.729056
-3.342490 3.387621
-3.007150 3.048655
-3.414712 3.460623
-3.230336 3.274261
-3.232263 3.276203
-0.383370 0.397506
-3.334478 3.379526
-3.268564 3.312893
-3.192413 3.235922
-3.462564 3.508991
-3.146780 3.189805
-2.952957 2.993980
-3.151338 3.194410
-3.428191 3.474248
-3.504048 3.550921
0.078758 -0.069443
-2.572202 2.609478
-2.678188 2.716569
-3.291885 3.336469
-3.333853 3.378890
-3.266848 3.311165
-3.281779 3.326257
-3.283761 3.328259
-3.323224 3.368146
-3.070359 3.112535
-3.189668 3.233149
-3.425651 3.471680
-1.158514 1.180831
-3.079926 3.122215
-3.099801 3.142312
-3.319454 3.364334
-3.237622 3.281628
-2.076035 2.108042
-3.339878 3.384981
-3.414738 3.460649
-2.530730 2.567558
-3.219026 3.262821
-3.411856 3.457738
-2.690215 2.728741
-2.774908 2.814330
-2.503038 2.539565
-3.242697 3.286751
-3.173646 3.216950
-3.220995 3.264813
-3.137441 3.180353
-3.039976 3.081836
-2.966962 3.008035
-3.345810 3.390976
-2.379520 2.414775
-3.409342 3.455196
-2.050411 2.082162
-3.418494 3.464446
-3.503707 3.550578
-2.753991 2.793182
-2.767311 2.806645
-3.444027 3.490254
-3.025619 3.067325
-3.188624 3.232102
-2.540224 2.577148
-3.355378 3.400653
-3.385627 3.431227
-3.239856 3.283881
-3.428867 3.474930
-2.190304 2.223537
-3.280016 3.324471
-3.293149 3.337748
-2.894054 2.934694
-3.233298 3.277258
-3.130161 3.172992
1.460821 -1.466212
2.030560 -2.041556
2.038299 -2.049378
2.666096 -2.683524
1.682252 -1.689905
2.039564 -2.050663
1.975053 -1.985500
0.378198 -0.372119
1.839621 -1.848692
2.210916 -2.223749
