-2.543381 3.505849
-2.383373 3.303293
-2.569340 3.553032
-2.449445 3.426961
-2.682439 3.702955
-2.427926 3.502566
-2.655830 3.865385
-2.104096 2.989868
-2.820205 3.912393
-2.027658 2.839888
-2.481280 3.384227
-2.888450 4.048886
-2.462606 3.331988
-2.036587 2.905271
-2.349351 3.161530
-3.113038 4.444782
-2.495604 3.571135
-2.649909 3.681968
-2.563627 3.533378
-2.635813 4.205279
-2.470790 3.393328
-2.476224 3.383586
-2.506603 3.486877
-2.827909 3.757187
-2.750134 3.892938
-2.498372 3.595070
-2.576772 3.602654
-2.974199 4.274107
-2.519578 3.528696
-2.480487 3.365502
-2.587379 3.534820
-2.422019 3.364046
-2.848427 3.829886
-2.451508 3.431458
-2.443843 3.351056
-2.707067 3.714856
-2.520134 3.495963
-2.072004 3.050921
-2.557549 3.464909
-2.480192 3.333246
-2.612458 3.544769
-2.607585 3.688239
-2.523437 3.571238
-2.633363 3.655643
-2.277608 3.304075
-2.570007 3.643389
-2.214551 3.179957
-2.949974 4.096286
-2.714600 3.752067
-2.691885 3.940862
-2.191530 3.367972
-2.479965 3.542300
-2.617530 3.610291
-2.567524 3.496167
-2.208243 3.218784
-2.862542 3.957806
-2.611453 3.730952
-2.383479 3.585013
-2.784445 3.904154
-2.293291 3.300542
-2.826944 4.034636
-2.679847 3.686465
-2.719819 3.868735
-2.485267 3.339238
-2.845662 4.048248
-2.173757 3.609013
-2.396046 3.398539
-2.693008 3.712935
-2.838243 4.010055
-2.697212 3.747198
-2.651275 3.657323
-2.777121 3.740818
-2.281749 3.271080
-2.514195 3.445870
-2.049562 2.890216
-2.375405 3.235468
-2.499028 3.484529
-2.673625 3.691762
-2.874964 4.087899
-2.565085 3.488888
-2.639939 4.058888
-2.441795 3.239650
-2.391046 3.558357
-2.728669 3.844519
-2.553008 3.476112
-2.001296 2.940984
-2.336405 3.264389
-2.730795 3.769978
-2.682483 3.720513
-2.585151 3.443890
-2.638877 3.716994
-2.469285 3.389109
-2.530603 3.524862
-2.239558 3.255349
-2.283501 3.196656
-2.580223 3.676535
-2.532430 3.464373
-2.564095 3.471528
-2.764805 3.744984
-2.295236 3.208618
-2.954053 4.132282
-2.585320 3.562542
-2.080246 2.891570
5.268438 -4.253978
2.187424 -1.452513
3.989887 -3.164760
1.895032 -1.273425
1.627371 -0.925628
-0.168470 1.063899
3.168810 -2.282731
2.364746 -1.763902
4.650424 -3.789301
3.548226 -2.726624
