-2.068546 2.053311
-2.091554 2.075982
-2.105788 2.089903
-2.120576 2.104521
-2.078233 2.062748
-2.068322 2.053118
-2.131719 2.115217
-1.854422 1.842323
-2.076370 2.060973
-2.067291 2.052120
-2.069953 2.054642
-1.682481 1.672588
-1.920980 1.907983
-2.094475 2.078839
-2.037074 2.022238
-1.810394 1.798908
-2.093991 2.078413
-2.055742 2.040798
-2.124835 2.108583
-2.088442 2.072959
-2.150947 2.133887
-2.048033 2.033170
-2.061042 2.045920
-1.976506 1.962687
-1.883783 1.871248
-2.060976 2.045917
-2.119311 2.103206
-2.149590 2.132522
-2.119552 2.103366
-2.085894 2.070377
-2.135468 2.118893
-2.064639 2.049505
-1.926939 1.913867
-2.035788 2.021091
-1.820198 1.808540
-2.086452 2.070929
-2.079556 2.063983
-2.111351 2.095382
-2.090671 2.075017
-2.116487 2.100259
-0.242533 0.248168
-2.074870 2.059601
-2.099230 2.083409
-2.023665 2.009182
-2.115857 2.099828
-2.025424 2.010799
-1.988433 1.974349
-2.057784 2.042688
-2.076589 2.061317
-2.095092 2.079497
0.947148 -0.930246
-1.853405 1.841230
-1.765871 1.754973
-2.098803 2.083013
-2.101261 2.085430
-2.102498 2.086631
-2.132874 2.116344
-2.129408 2.112952
-2.053912 2.038975
-1.922835 1.909775
-2.123472 2.107101
-2.103415 2.087597
-1.030188 1.027770
-2.026062 2.011493
-2.021444 2.006942
-2.112585 2.096538
-2.148531 2.131499
-1.547633 1.539390
-2.087761 2.072226
-2.094042 2.078373
-1.720571 1.710249
-2.052783 2.037846
-2.090994 2.075441
-1.696116 1.686037
-1.754547 1.743730
-1.688488 1.678556
-2.012272 1.997950
-1.970475 1.956826
-2.077860 2.062442
-2.006642 1.992427
-2.003904 1.989638
-1.823851 1.812175
-2.052143 2.037241
-1.670670 1.660759
-2.109501 2.093578
-1.435028 1.428120
-2.089365 2.073854
-2.117284 2.101256
-1.932971 1.919733
-1.783700 1.772474
-2.127409 2.111100
-2.016627 2.002179
-1.873300 1.860924
-1.954129 1.940523
-2.145656 2.128840
-2.116534 2.100463
-2.136549 2.119883
-2.105891 2.090050
-1.425400 1.418614
-2.058671 2.043641
-2.087015 2.071463
-1.879080 1.866698
-2.086879 2.071281
-1.909470 1.896595
0.812277 -0.796206
1.454180 -1.432716
1.450732 -1.429482
1.529283 -1.507970
1.173918 -1.154648
1.480657 -1.459173
1.426190 -1.405074
0.323628 -0.312254
1.307545 -1.287209
1.478968 -1.457440
