-1.928505 1.918779
-2.382624 2.371528
-2.605805 2.594169
-2.378307 2.367189
-2.145683 2.135249
-1.791357 1.782062
-2.481718 2.470325
-2.127152 2.116768
-2.649857 2.638140
-2.663616 2.651856
-2.448282 2.437012
-2.122697 2.112465
-2.436208 2.425018
-1.859808 1.850168
-2.687871 2.676068
-2.594198 2.582593
-0.020736 0.016989
-2.606772 2.595131
-2.614652 2.602997
-1.478394 1.470198
-2.153354 2.142966
-1.984331 1.974501
-1.652628 1.643809
-2.650621 2.638906
-2.687383 2.675591
-1.905169 1.895548
-2.516414 2.504954
-2.491050 2.479646
-1.605720 1.596945
-2.377230 2.366050
-2.318416 2.307357
-2.829679 2.817591
-2.337817 2.326778
-2.435470 2.424253
-2.533465 2.521980
-2.092191 2.081866
-2.453424 2.442098
-2.762236 2.750285
-2.549035 2.537514
-0.949816 0.943389
-2.524029 2.512508
-2.077698 2.067482
-2.176919 2.166374
-1.238655 1.231136
-2.411296 2.400142
-2.505887 2.494446
1.176359 -1.176321
-2.301494 2.290575
-2.472910 2.461536
-2.631912 2.620223
-0.472757 0.467575
-1.892218 1.882569
-2.714014 2.702164
-2.418556 2.407302
-2.232833 2.222091
-2.262161 2.251343
-2.006314 1.996341
-2.239085 2.228414
-2.224340 2.213638
-2.321624 2.310640
-2.117079 2.106787
-2.249254 2.238440
-2.174080 2.163745
-2.124621 2.114224
-2.418203 2.406921
-2.120530 2.110281
-2.362806 2.351754
-2.429059 2.417785
-2.727352 2.715469
-2.408067 2.396811
-2.307903 2.296982
-2.361905 2.350769
-2.438882 2.427717
-1.646034 1.637186
-2.330064 2.319007
-1.274440 1.266685
-2.480671 2.469473
-2.577041 2.565459
-2.584752 2.573160
-2.320238 2.309441
-2.460883 2.449536
-2.706395 2.694578
-2.099976 2.089869
-2.169374 2.158923
-2.383495 2.372365
-2.506973 2.495534
-2.340796 2.329695
-2.440073 2.428772
-2.022717 2.012832
-2.154962 2.144593
-2.454678 2.443349
-2.924039 2.911757
-2.477088 2.465709
-2.652413 2.640681
-1.772059 1.762800
-1.984745 1.974829
-2.023641 2.013644
-2.372484 2.361369
-1.658770 1.649964
-2.609375 2.597744
-2.351399 2.340386
-2.511475 2.500117
-2.401423 2.390196
-2.055475 2.045443
1.520665 -1.519110
1.003463 -1.004008
0.971698 -0.972416
2.253537 -2.248300
2.840514 -2.832194
0.934506 -0.935196
2.695474 -2.688179
1.242830 -1.242881
0.906213 -0.907305
2.892309 -2.883954
