-2.112355 2.126755
-2.034013 2.048099
-2.117325 2.131739
-2.128103 2.142579
-2.117790 2.132222
-2.050369 2.064527
-1.999812 2.013756
-2.101673 2.116031
-2.068485 2.082723
-2.121035 2.135470
-2.054001 2.068173
-2.114799 2.129218
-2.012861 2.026858
-1.612279 1.624456
-1.745299 1.758124
-1.703181 1.715816
-2.074245 2.088515
-2.095555 2.109898
-2.120151 2.134593
-1.996876 2.010805
-2.084277 2.098579
-2.076313 2.090575
-2.039802 2.053917
-2.098287 2.112637
-1.828771 1.841939
-2.102370 2.116739
-2.083344 2.097639
-2.089658 2.103971
-2.081480 2.095775
-2.089461 2.103772
-2.049328 2.063483
-2.113499 2.127904
-1.942091 1.955786
-2.010352 2.024340
-2.095011 2.109362
-1.916773 1.930360
-2.000653 2.014593
-2.026021 2.040076
-2.094198 2.108527
-2.070777 2.085028
-2.094632 2.108977
-2.105245 2.119641
-2.109940 2.124336
-0.637674 0.645278
-2.097615 2.111964
-2.107686 2.122076
-2.107482 2.121868
-2.087551 2.101864
-2.082795 2.097086
-2.046308 2.060449
-2.029883 2.043961
-2.003259 2.017220
-2.126315 2.140778
-1.705416 1.718012
-2.059410 2.073604
-2.029910 2.043986
-2.099250 2.113601
-2.107081 2.121459
-2.084141 2.098459
-2.101590 2.115953
-2.083301 2.097589
-1.850666 1.863932
-1.981874 1.995729
-2.018722 2.032745
-1.955933 1.969689
-2.126019 2.140482
-2.092157 2.106495
-2.019341 2.033366
-1.604850 1.617006
-2.067317 2.081543
-1.751910 1.764758
-2.100543 2.114897
-1.480932 1.492553
-2.002807 2.016766
-2.090115 2.104431
-2.039359 2.053469
-2.051997 2.066160
-2.079556 2.093828
-2.113645 2.128057
-2.044690 2.058823
-2.071735 2.085986
-2.127282 2.141730
-2.112239 2.126638
-2.085939 2.100237
-2.097716 2.112059
-2.059242 2.073431
-1.820243 1.833391
-2.099470 2.113829
-2.121013 2.135445
-2.076002 2.090262
-2.101919 2.116278
-2.082166 2.096458
-2.113100 2.127501
-1.842694 1.855954
-1.976777 1.990586
-1.905198 1.918723
-1.990920 2.004828
-2.001034 2.014992
-0.814750 0.823273
-1.663575 1.676059
-1.854903 1.868215
-2.093671 2.108000
-1.079068 1.088823
-1.869539 1.882913
1.250713 -1.253463
1.432093 -1.436154
-0.516365 0.523367
0.721620 -0.721015
1.246953 -1.249765
1.699371 -1.705483
1.576442 -1.581648
1.639696 -1.645458
1.604953 -1.610446
