-2.754710 2.805101
-3.043284 3.091284
-3.143977 3.191039
-3.029162 3.077162
-3.018391 3.066585
-2.539395 2.591137
-3.217335 3.263704
-2.935249 2.984272
-2.900124 2.949547
-3.061480 3.109286
-2.918654 2.967858
-2.685389 2.736004
-2.906844 2.956074
-3.024984 3.073088
-2.902552 2.951753
-2.914322 2.963618
0.324286 -0.257960
-3.132154 3.179311
-3.104799 3.152243
-1.898409 1.953241
-2.772794 2.823265
-2.577000 2.628443
-2.193094 2.246281
-2.922498 2.971650
-2.611579 2.662720
-2.479049 2.530923
-3.201224 3.247713
-3.270275 3.316136
-2.120492 2.174329
-3.346214 3.391315
-3.306594 3.352069
-2.909947 2.959201
-3.192808 3.239417
-2.833060 2.883076
-3.001307 3.049779
-3.080699 3.128304
-3.121028 3.168317
-2.917881 2.967062
-3.130662 3.177824
-0.899129 0.958742
-2.913691 2.962920
-2.973984 3.022569
-3.177989 3.224712
-1.637481 1.693760
-2.989180 3.037762
-3.111035 3.158394
1.760573 -1.686305
-3.234503 3.280709
-3.134260 3.181413
-2.919168 2.968380
-0.596206 0.657904
-2.854042 2.903770
-2.867715 2.917455
-3.149694 3.196711
-3.164014 3.210861
-3.093574 3.141104
-2.876949 2.926468
-3.056300 3.104242
-2.794514 2.844267
-3.217750 3.264128
-2.875328 2.924933
-3.284086 3.329768
-1.630209 1.686514
-2.843096 2.892483
-3.107539 3.154922
-2.519720 2.571494
-2.984950 3.033484
-3.108284 3.155667
-2.932825 2.981858
-3.351470 3.396519
-3.125433 3.172666
-3.260764 3.306713
-2.401680 2.453964
-2.654710 2.705367
-3.254939 3.300931
-1.932337 1.986937
-2.201253 2.254542
-3.067146 3.114966
-3.146531 3.193564
-2.600891 2.651661
-3.268696 3.314559
-2.698794 2.749452
-1.961718 2.016385
-2.593816 2.644926
-2.960719 3.009495
-3.127279 3.174463
-3.266995 3.312873
-3.272843 3.318658
-2.355551 2.408201
-2.742828 2.793379
-3.111888 3.159226
-2.823606 2.873392
-3.192074 3.238666
-3.046946 3.094825
-2.716301 2.766900
-2.748411 2.798817
-2.852625 2.902398
-3.052825 3.100537
-2.097791 2.151628
-2.653686 2.704515
-3.026936 3.075084
-2.653083 2.704015
-3.330819 3.376055
-2.539121 2.590823
1.987881 -1.914324
1.608795 -1.534051
1.482013 -1.407061
3.499771 -3.430974
4.509316 -4.443699
1.509737 -1.435061
4.042477 -3.975390
1.756992 -1.682715
1.388892 -1.314891
4.112571 -4.045704
