-2.110214 2.128319
-1.991665 2.008703
-2.109870 2.127952
-2.156902 2.175509
-2.138178 2.156657
-2.065603 2.083517
-1.975784 1.992800
-2.086065 2.103918
-2.081234 2.099270
-2.132791 2.151167
-2.036529 2.054045
-2.123535 2.141854
-1.985425 2.002446
-1.623494 1.637761
-1.710290 1.725195
-1.642202 1.656365
-2.099934 2.118186
-2.095346 2.113395
-2.133090 2.151502
-1.961932 1.978838
-2.093676 2.111794
-2.047202 2.064747
-2.018496 2.035882
-2.103694 2.121836
-1.836970 1.853142
-2.100450 2.118549
-2.081078 2.099004
-2.063135 2.080751
-2.100452 2.118659
-2.071440 2.089226
-2.057868 2.075700
-2.112718 2.130883
-1.896660 1.913025
-1.972499 1.989431
-2.111994 2.130286
-1.850784 1.866687
-1.994909 2.012181
-1.988485 2.005549
-2.069096 2.086802
-2.073527 2.091521
-2.106757 2.124985
-2.126617 2.145046
-2.108415 2.126564
-0.693232 0.700215
-2.093058 2.111076
-2.119273 2.137572
-2.106304 2.124407
-2.078343 2.096243
-2.072402 2.090271
-2.006843 2.024154
-1.973088 1.990168
-1.951907 1.968680
-2.147499 2.166048
-1.686945 1.701843
-2.037776 2.055293
-2.022515 2.040155
-2.086061 2.103986
-2.099947 2.117966
-2.120841 2.139280
-2.094330 2.112307
-2.062822 2.080514
-1.823820 1.839579
-1.984462 2.001750
-2.002262 2.019481
-1.913007 1.929487
-2.153261 2.171864
-2.102649 2.120820
-2.025914 2.043444
-1.452187 1.465091
-2.049890 2.067526
-1.693267 1.707970
-2.081488 2.099303
-1.423484 1.436132
-1.975089 1.992158
-2.076917 2.094770
-1.983646 2.000628
-2.028533 2.045952
-2.051306 2.068835
-2.129543 2.147939
-2.033215 2.050831
-2.079234 2.097278
-2.137885 2.156266
-2.108165 2.126249
-2.052424 2.069968
-2.075608 2.093354
-2.029420 2.046797
-1.823334 1.839212
-2.100886 2.118977
-2.122443 2.140660
-2.071714 2.089541
-2.084471 2.102335
-2.085842 2.103854
-2.102886 2.120913
-1.761377 1.776601
-2.074594 2.092759
-1.846985 1.862870
-1.950120 1.966999
-2.017560 2.034975
-0.724076 0.730692
-1.554895 1.568420
-1.748099 1.762831
-2.085110 2.103002
-0.831811 0.840384
-1.833658 1.849539
1.089018 -1.095353
1.215531 -1.222802
-0.318259 0.321985
0.714454 -0.718087
1.198211 -1.205295
1.511339 -1.520225
1.440127 -1.448954
1.501081 -1.510180
1.492343 -1.501456
