-2.081857 2.074133
-2.162771 2.154006
-2.157181 2.148510
-1.781879 1.777259
-2.105042 2.097022
-2.134166 2.125820
-0.598716 0.605625
-1.970979 1.964373
-2.128766 2.120468
-2.140729 2.132305
-1.982375 1.975695
-2.160000 2.151297
-1.992976 1.986134
-2.161656 2.152933
-2.125101 2.116877
-1.861479 1.856022
-2.075549 2.067877
-2.140705 2.132272
-2.112880 2.104799
-2.085236 2.077485
-2.148797 2.140258
-1.939149 1.932843
-1.922148 1.916091
-2.162722 2.153894
-2.085134 2.077330
-2.105370 2.097366
-2.099325 2.091376
-1.669112 1.665625
-2.084415 2.076654
-2.143561 2.135087
-1.863929 1.858438
-2.164201 2.155395
-2.110186 2.102120
-2.006057 1.999092
-2.007393 2.000394
-2.134764 2.126410
-1.960972 1.954483
-1.746278 1.741996
-2.158826 2.150115
-1.811643 1.806690
-2.149394 2.140849
-2.152901 2.144320
-2.101155 2.093194
-2.081721 2.073970
-2.013144 2.006109
-1.625211 1.622169
-1.858318 1.852878
-2.118432 2.110254
-2.100882 2.092895
-2.159716 2.150977
-2.121759 2.113568
-2.122590 2.114376
-2.110275 2.102219
-1.836263 1.831052
-2.152144 2.143553
-2.085713 2.077922
0.560589 -0.543632
-2.042994 2.035666
-2.146913 2.138411
-2.146200 2.137701
-2.049260 2.041840
-2.081251 2.073531
-2.102238 2.094268
-1.728507 1.724529
-2.150060 2.141257
-1.898863 1.893055
-2.010979 2.003986
-2.148472 2.139917
-2.160015 2.151178
-2.108285 2.100272
-2.163655 2.154819
-1.823017 1.817949
-2.117635 2.109482
-2.086683 2.078830
-1.940648 1.934319
-2.152083 2.143495
-2.081846 2.074068
-1.351604 1.351265
-2.152333 2.143721
-2.073508 2.065870
-2.010185 2.003192
-2.144676 2.136189
-1.060389 1.062904
-2.040483 2.033183
-2.021329 2.014221
-2.085071 2.077288
-2.146106 2.137585
-1.953053 1.946628
-1.843725 1.838416
-2.130015 2.121707
-2.070338 2.062718
-2.142963 2.134516
-2.009137 2.002159
-2.159235 2.150524
-2.154863 2.146067
-1.304745 1.304873
-1.957730 1.951313
-2.140370 2.131955
-2.142908 2.134469
-1.980332 1.973641
-1.177313 1.178660
-2.162387 2.153643
-2.084990 2.077203
-2.136615 2.128228
0.788100 -0.769432
1.100526 -1.079822
0.853726 -0.834529
0.428481 -0.412602
1.703210 -1.678054
1.760196 -1.733800
-0.586219 0.593187
0.987170 -0.967070
1.231221 -1.209700
-0.673930 0.680203
