0.000400 0.999600
0.001197 0.998803
0.000370 0.999630
0.000237 0.999763
0.000302 0.999698
0.000829 0.999171
0.001514 0.998486
0.000469 0.999531
0.000747 0.999253
0.000314 0.999686
0.000876 0.999124
0.000357 0.999643
0.001232 0.998768
0.011610 0.988390
0.006572 0.993428
0.011679 0.988321
0.000617 0.999383
0.000474 0.999526
0.000288 0.999712
0.001750 0.998250
0.000550 0.999450
0.000738 0.999262
0.001179 0.998821
0.000475 0.999525
0.006744 0.993256
0.000481 0.999519
0.000565 0.999435
0.000649 0.999351
0.000645 0.999355
0.000552 0.999448
0.000854 0.999146
0.000400 0.999600
0.002007 0.997993
0.001447 0.998553
0.000516 0.999484
0.003930 0.996070
0.001635 0.998365
0.001352 0.998648
0.000547 0.999453
0.000670 0.999330
0.000544 0.999456
0.000398 0.999602
0.000377 0.999623
0.113343 0.886657
0.000473 0.999527
0.000430 0.999570
0.000417 0.999583
0.000624 0.999376
0.000644 0.999356
0.000912 0.999088
0.000945 0.999055
0.001861 0.998139
0.000249 0.999751
0.007205 0.992795
0.000855 0.999145
0.001073 0.998927
0.000479 0.999521
0.000443 0.999557
0.000584 0.999416
0.000467 0.999533
0.000646 0.999354
0.003889 0.996111
0.001578 0.998422
0.001003 0.998997
0.002522 0.997478
0.000250 0.999750
0.000456 0.999544
0.001091 0.998909
0.007281 0.992719
0.000698 0.999302
0.006012 0.993988
0.000518 0.999482
0.024529 0.975471
0.001641 0.998359
0.000672 0.999328
0.001166 0.998834
0.001075 0.998925
0.000720 0.999280
0.000347 0.999653
0.000868 0.999132
0.000724 0.999276
0.000266 0.999734
0.000376 0.999624
0.000590 0.999410
0.000549 0.999451
0.001078 0.998922
0.004035 0.995965
0.000495 0.999505
0.000330 0.999670
0.000878 0.999122
0.000435 0.999565
0.000519 0.999481
0.000386 0.999614
0.004746 0.995254
0.001477 0.998523
0.003292 0.996708
0.001629 0.998371
0.001669 0.998331
0.274292 0.725708
0.012540 0.987460
0.005622 0.994378
0.000612 0.999388
0.039274 0.960726
0.003789 0.996211
0.996282 0.003718
0.997239 0.002761
0.330957 0.669043
0.989667 0.010333
0.995970 0.004030
0.999997 0.000003
0.999628 0.000372
0.999939 0.000061
0.999107 0.000893
