-1.593715 1.614280
-3.381353 3.408840
-1.770396 1.791831
-3.053143 3.079108
-2.931006 2.956326
-3.280173 3.307151
-1.493201 1.513451
-3.410125 3.437767
-3.250655 3.277480
-2.011144 2.033174
-3.456217 3.484046
-3.006533 3.032179
-3.490355 3.518347
-1.596645 1.617242
-3.012262 3.037950
-2.872890 2.897938
-3.355810 3.383180
-2.837745 2.862607
-2.947128 2.972580
-3.171126 3.197568
-2.247181 2.269905
-3.695868 3.724858
-2.879277 2.904322
-3.028876 3.054663
-2.445525 2.468938
-3.500410 3.528442
-3.438847 3.466614
-3.062052 3.088017
-2.467620 2.491107
-3.115700 3.141884
-2.460217 2.483781
-2.643284 2.667421
-3.277645 3.304667
-3.386530 3.414014
-3.499551 3.527593
-3.124038 3.150292
-3.088104 3.114183
-2.304058 2.326965
-2.515995 2.539689
-3.397011 3.424559
-1.990520 2.012498
-2.817152 2.841882
-0.795886 0.813928
-2.709298 2.733575
-3.394859 3.422424
-3.515033 3.543171
-2.893523 2.918617
-2.020035 2.042304
-3.370785 3.398192
-3.046694 3.072559
-1.973016 1.995026
-2.741339 2.765733
-2.682937 2.707167
-2.642809 2.666975
0.363102 -0.349051
-2.653401 2.677494
-2.777282 2.801862
-1.582608 1.603135
-2.343445 2.366522
-2.826499 2.851363
-3.047281 3.073169
-2.936515 2.961910
-3.360906 3.388291
-3.560721 3.589068
-3.485838 3.513832
-3.289121 3.316172
-3.278250 3.305258
-2.895482 2.920587
-2.852593 2.877496
-2.303333 2.326279
-3.279081 3.306058
-2.341029 2.364156
-2.982926 3.008509
-3.312999 3.340155
-2.366814 2.389986
-3.331597 3.358812
-3.408104 3.435727
-2.585956 2.609839
-2.591399 2.615281
-3.174391 3.200874
-2.623294 2.647269
-3.179694 3.206179
-3.165174 3.191669
-2.843344 2.868283
-2.609403 2.633414
-3.122150 3.148407
-2.902176 2.927331
-3.160766 3.187220
-2.608185 2.632123
-3.084949 3.111027
-0.363181 0.379977
-1.998584 2.020563
-3.228180 3.254933
-3.367101 3.394523
-2.931243 2.956563
-1.976922 1.998875
-3.168294 3.194784
-2.494001 2.517586
-3.501249 3.529318
-2.808844 2.833585
-2.772144 2.796748
-3.189592 3.216181
-2.277231 2.300266
-1.823949 1.845339
0.426191 -0.412326
2.270283 -2.260263
0.404639 -0.390762
2.247184 -2.237156
2.380075 -2.370091
2.221312 -2.211271
0.530307 -0.516803
2.489566 -2.479617
1.907500 -1.897353
1.131347 -1.119891
