-1.814224 1.848990
-2.696144 2.725093
-2.538136 2.567147
-2.743290 2.772233
-2.378461 2.407525
-2.408390 2.437439
-2.544688 2.573697
-2.404888 2.434045
-2.127536 2.158823
-1.711650 1.748568
-2.707918 2.736861
-2.054696 2.087947
-2.228617 2.260244
-2.561118 2.590114
-2.511344 2.540370
-2.463998 2.493025
-2.441369 2.470416
-2.257635 2.287588
-1.420077 1.460715
-2.337314 2.367509
-2.452262 2.481301
-2.099824 2.132545
-2.526882 2.555900
-2.217216 2.248782
-2.520185 2.549199
-2.806624 2.835539
-2.160398 2.191977
-2.649151 2.678116
-2.373756 2.403762
-2.226635 2.257907
-2.075984 2.107704
-2.766119 2.795053
-1.708423 1.744914
-2.041747 2.075141
-2.431362 2.460409
-2.755627 2.784559
-2.385987 2.415313
-2.145840 2.177083
-1.971181 2.004699
-2.321535 2.352175
-2.705859 2.734814
-2.697224 2.726173
-2.311650 2.341365
-2.631491 2.660458
-1.450358 1.491261
-2.063784 2.097372
-2.287163 2.317777
-2.473982 2.503009
-2.680453 2.709404
-2.123938 2.155667
-2.503810 2.532836
-2.704920 2.733875
-2.570589 2.599580
-1.980074 2.013233
-2.705904 2.734849
-2.562429 2.591433
-2.096743 2.129166
-2.506727 2.535751
-2.708915 2.737857
-2.325289 2.354981
-2.293615 2.324134
-2.547155 2.576164
-2.597351 2.626344
-1.741132 1.777759
-2.504588 2.533619
-2.042321 2.075004
-2.420784 2.450907
-1.981418 2.015245
-2.812708 2.841625
-2.630302 2.659278
-2.517564 2.546578
-1.696125 1.733175
-2.587339 2.616327
-1.713079 1.752069
-2.510501 2.539518
-2.151501 2.183478
-2.704911 2.733861
-2.299314 2.331396
-2.169278 2.201274
-0.892460 0.938789
-1.710749 1.747677
-2.398573 2.427629
-2.509631 2.538641
-1.972795 2.006240
-1.309585 1.350177
-1.229384 1.271191
-2.818719 2.847623
-2.448724 2.477767
-2.600414 2.629400
-2.682735 2.711695
-2.416092 2.446123
-2.429312 2.458366
-2.571293 2.600294
-0.116510 0.171324
-2.213006 2.243520
-2.796919 2.825836
-2.419925 2.448974
-2.523007 2.552028
-1.820479 1.856054
-2.108426 2.140904
-2.715758 2.744704
-2.516687 2.545699
-2.555928 2.584925
-2.211795 2.243385
1.389754 -1.316282
1.461321 -1.386006
2.347779 -2.247861
2.021462 -1.930582
0.525247 -0.463220
0.603271 -0.539697
1.703567 -1.621515
2.054422 -1.962553
-0.108727 0.163397
0.826817 -0.760916
