-2.104483 2.104225
-2.133181 2.133792
-2.030613 2.029993
-1.947084 1.945893
-2.145303 2.146487
-2.085380 2.088110
-1.958249 1.956752
-2.113337 2.113185
-1.922404 1.921236
-1.961468 1.960342
-2.092515 2.092293
-1.778363 1.776605
-2.054060 2.053557
-2.140395 2.140563
-2.082746 2.082330
-1.923184 1.921691
-1.979510 1.978526
-2.098904 2.099138
-2.098292 2.097884
-1.667762 1.665820
-1.787262 1.785564
-2.122583 2.122651
-2.098484 2.098203
-2.103769 2.104203
-2.096960 2.097293
-2.137720 2.138121
-1.902586 1.901225
-1.837063 1.835355
-2.114951 2.115050
-2.067154 2.066710
-2.098372 2.098154
-1.933634 1.932410
-2.052395 2.052124
-2.080689 2.080279
-2.116314 2.117640
-1.893654 1.892310
-2.029035 2.028231
-2.109351 2.109233
-2.065377 2.065084
-2.079772 2.079385
-2.143503 2.144445
-2.136179 2.136549
-2.077928 2.077631
-1.936366 1.935120
-2.080683 2.079963
-1.923871 1.922709
-2.130955 2.131164
-2.052548 2.052290
-2.087782 2.087771
-1.272551 1.271295
-2.151583 2.152246
-2.064914 2.064564
-2.088447 2.088199
-2.058620 2.058252
-2.010499 2.009444
-1.855341 1.853842
-1.801118 1.799443
-1.731636 1.729802
-1.847129 1.845590
-2.046142 2.049102
-1.832235 1.830667
-2.104085 2.104141
-2.130328 2.131064
-2.133484 2.133793
-1.802328 1.800645
-1.458915 1.456876
-2.090473 2.090142
-1.953681 1.952610
-1.895628 1.894260
-2.097346 2.097166
-2.119568 2.119776
-2.084416 2.084004
-2.118755 2.118541
-2.098970 2.098953
-2.086846 2.086255
-2.046293 2.045586
-1.738587 1.736790
-1.763984 1.762220
-1.677256 1.675376
-2.085539 2.085191
-2.029457 2.027984
-2.129256 2.129568
-1.825225 1.828535
-2.041142 2.040615
-2.056910 2.056356
-2.057298 2.056449
-2.113283 2.113149
-2.093316 2.093169
-2.074736 2.074337
-2.046236 2.045712
-2.145881 2.146939
-2.068721 2.068310
-2.138271 2.138777
-2.068028 2.067451
-2.055800 2.055237
-1.996086 1.995071
-2.135551 2.135825
-1.927784 1.926656
-2.052300 2.051826
-2.085879 2.085366
-1.929929 1.928686
-2.121555 2.121774
-2.101184 2.100733
1.419886 -1.427671
0.129283 -0.127937
0.848801 -0.851231
-0.035569 0.037284
0.684170 -0.684808
-0.788087 0.789512
1.000503 -1.004525
1.189247 -1.193810
1.430634 -1.439418
0.967627 -0.970441
