-1.961482 1.974632
-2.079875 2.093266
-1.961223 1.974344
-2.129020 2.142341
-2.028633 2.041950
-2.114181 2.127558
-2.054584 2.067950
-2.041881 2.055246
-2.107385 2.120772
-2.084320 2.097709
-2.106170 2.119560
-2.117995 2.131362
-2.114380 2.127758
-2.099461 2.112860
-2.112892 2.126268
-2.095044 2.108441
-1.986090 1.999283
-2.137788 2.150868
-2.127029 2.140360
-1.340465 1.350653
-2.111692 2.125071
-2.139759 2.153017
-1.974213 1.987427
-1.791187 1.803639
-2.104289 2.117680
-1.965171 1.978308
-1.853691 1.866429
-2.066617 2.079985
-2.033754 2.047095
-1.951294 1.964387
-2.055754 2.069119
-2.105225 2.118614
-2.021193 2.034488
-2.068854 2.082233
-1.755400 1.767709
-2.109963 2.123343
-2.120574 2.133941
-1.904474 1.917404
-1.839021 1.851671
-2.020174 2.033459
-2.124190 2.137534
-1.999662 2.012890
-2.022506 2.035806
-2.054819 2.068177
-2.112517 2.125896
-2.095585 2.108978
-1.658962 1.670779
-1.918513 1.931489
-2.075419 2.088805
-1.825333 1.838041
-2.135572 2.148854
-2.057204 2.070557
-2.076884 2.090273
-1.773786 1.786188
-2.120399 2.133763
-2.059752 2.073129
-0.686068 0.692477
-2.081254 2.094648
-1.843910 1.856584
-1.767726 1.780088
-2.099445 2.112839
-2.108951 2.122327
-2.069230 2.082606
-2.098147 2.111537
-2.091559 2.104946
-2.061446 2.074828
-2.029183 2.042496
-2.100635 2.114022
-1.640938 1.652690
-2.075538 2.088923
-2.107642 2.121029
-2.112140 2.125525
-1.989691 2.002902
-1.946642 1.959710
-2.069280 2.082664
-2.094612 2.108003
-2.109073 2.122461
-2.007835 2.021095
-2.094660 2.108063
-2.075480 2.088878
-2.080725 2.094124
-1.322179 1.332418
-2.021530 2.034842
-2.016389 2.029663
-2.104773 2.118165
-1.797137 1.809620
-2.141563 2.154788
-1.973167 1.986370
-2.063363 2.076738
-1.965924 1.979047
-1.966906 1.980042
-2.115720 2.129093
-1.886750 1.899614
-1.996119 2.009334
-2.129949 2.143239
-2.091321 2.104720
-2.111309 2.124685
-2.042321 2.055678
-2.079099 2.092488
-2.066346 2.079717
-2.125058 2.138407
-2.075559 2.088938
-1.608921 1.620501
-1.936082 1.949104
1.594519 -1.601554
0.616099 -0.617808
1.559168 -1.566089
0.482522 -0.483407
1.616938 -1.624067
0.032164 -0.030511
0.713147 -0.715498
0.440000 -0.440650
0.704673 -0.707003
1.218313 -1.223529
