-2.695960 2.680831
-3.124683 3.163452
-2.724040 2.605373
-3.086878 3.152586
-2.955708 2.968557
-3.337603 3.325162
-2.782956 2.777886
-2.559277 2.592598
-3.185940 3.184607
-2.944131 2.946319
-2.435324 2.433981
-3.017969 2.990293
-3.040668 3.059160
-3.280198 3.236551
-3.538924 3.780274
-3.127210 3.254341
-3.411160 3.435181
-2.910957 2.833232
-2.946897 2.891400
-3.343493 3.437072
-3.248142 3.203601
-3.067247 3.077553
-3.060596 3.043524
-3.277875 3.353875
-3.651389 3.758648
-2.990332 2.955914
-2.943898 2.920750
-2.471722 2.434056
-3.349030 3.405773
-3.180829 3.306255
-3.437190 3.492369
-3.012801 2.974714
-3.214601 3.284719
-2.952459 2.978789
-3.271844 3.200881
-2.743527 2.754585
-3.154286 3.154684
-2.982289 3.052763
-3.032180 3.027355
-3.052651 3.031067
-3.145362 3.092071
-3.266257 3.238122
-3.029256 2.961856
-2.421248 2.406610
-3.046753 3.039657
-2.952602 2.957628
-3.003895 2.968069
-2.830546 2.785172
-3.122867 3.128366
-3.191854 3.316424
-2.745300 2.686301
-2.493412 2.405078
-2.936929 2.903112
-3.702637 3.832000
-3.044440 3.036205
-3.366059 3.398028
-2.985144 3.019580
-3.071484 3.036616
-3.183858 3.111410
-2.630416 2.630269
-3.208120 3.206879
-3.167080 3.275235
-3.415341 3.448418
-3.112658 3.167624
-3.081487 3.115278
-3.032550 3.046472
-2.919671 2.903857
-3.094063 3.031627
-2.683341 2.861550
-2.979659 3.022072
-3.329362 3.395175
-2.928526 2.956244
-3.106256 3.121017
-3.396509 3.263911
-3.067534 3.073594
-3.180336 3.215720
-3.095927 3.103841
-2.984023 2.988918
-3.012175 3.047290
-3.143373 3.060167
-3.191500 3.147806
-2.768098 2.720568
-2.719751 2.695125
-3.036358 3.053808
-2.570477 2.555295
-2.835944 2.808373
-2.979460 2.990162
-3.123215 3.150229
-2.636263 2.634618
-2.584710 2.647474
-2.893851 2.910592
-2.918959 2.896436
-2.711393 2.679678
-3.187626 3.311056
-3.490957 3.471281
-3.284494 3.328864
-3.192388 3.282554
-3.351140 3.234052
-2.125489 2.135668
-3.033064 3.121736
-1.837805 1.748610
-2.839502 2.854611
-2.584519 2.224624
-3.285314 3.351095
3.431605 -3.516450
3.003292 -3.330544
1.871958 -2.120237
2.547900 -2.764270
1.529911 -1.875218
4.267052 -4.452888
3.696212 -3.867836
4.523438 -4.644513
3.541280 -3.806412
