-2.373144 2.297149
-2.590884 2.512179
-2.211354 2.135336
-2.912671 2.833699
-2.446214 2.367918
-2.678572 2.599794
-2.549678 2.470995
-2.608299 2.529692
-2.634223 2.555480
-2.573899 2.495193
-2.799448 2.720570
-2.824331 2.745429
-2.731928 2.653101
-2.790733 2.711849
-2.839119 2.760199
-2.698195 2.619401
-2.243691 2.166872
-3.300751 3.221458
-2.896995 2.818033
-1.280831 1.216732
-2.578616 2.499917
-2.933446 2.854455
-2.388011 2.311630
-1.817626 1.746199
-2.731099 2.652270
-2.216092 2.139777
-1.991341 1.918331
-2.461120 2.382519
-2.565605 2.487222
-2.238530 2.162556
-2.518047 2.439380
-2.638897 2.560152
-2.409992 2.332093
-2.514683 2.436032
-1.837281 1.766596
-2.800172 2.721285
-2.619790 2.541059
-2.098817 2.024554
-1.952041 1.878664
-2.380923 2.302742
-2.871083 2.792143
-2.372300 2.294289
-2.404381 2.326216
-2.470096 2.391486
-2.815403 2.736507
-2.617178 2.538443
-1.593816 1.524864
-2.100457 2.025677
-2.564237 2.485556
-2.080726 2.008934
-2.986813 2.907779
-2.452013 2.373437
-2.642478 2.563722
-1.898581 1.827314
-2.715676 2.636863
-2.576605 2.497902
-0.699532 0.640546
-2.605452 2.526729
-1.950511 1.877705
-1.815230 1.744240
-2.690713 2.611923
-2.998292 2.919254
-2.477338 2.398740
-2.558031 2.479354
-2.513234 2.434582
-2.603793 2.525069
-2.420013 2.341563
-2.489174 2.410554
-1.581093 1.512611
-2.524561 2.445907
-2.631055 2.552317
-2.786531 2.707645
-2.325391 2.247971
-2.138568 2.063034
-2.554748 2.476054
-2.584538 2.505843
-2.713679 2.634868
-2.332759 2.255174
-2.780913 2.702047
-2.649469 2.570711
-2.652429 2.573667
-1.798298 1.728832
-2.489405 2.411400
-2.337733 2.259768
-2.781062 2.702195
-1.865495 1.793796
-3.060573 2.981474
-2.404932 2.328809
-2.534551 2.455890
-2.165374 2.088965
-2.235614 2.159091
-2.773836 2.694975
-2.032208 1.958388
-2.269306 2.191870
-2.950736 2.871738
-2.632895 2.554153
-2.893266 2.814322
-2.603953 2.525238
-2.584703 2.506006
-2.480428 2.401802
-2.805717 2.726826
-2.466024 2.387414
-1.573253 1.505027
-2.082017 2.006642
1.794015 -1.812518
0.566050 -0.608632
1.714241 -1.735516
0.468232 -0.512204
1.875376 -1.891879
0.165058 -0.213735
0.768077 -0.808234
0.388194 -0.432947
0.816542 -0.856846
1.249835 -1.283797
