-3.307153 2.873046
-3.182883 2.826344
-3.033936 2.728555
-3.358385 2.979672
-3.245759 2.853334
-2.726150 2.468132
-2.868416 2.536775
-3.128272 2.741950
-3.055848 2.661654
-3.012203 2.691408
-3.350393 2.923103
-3.180578 2.831924
-3.375381 2.990945
-3.016095 2.694816
-3.202515 2.863020
-3.185274 2.837534
1.652948 -1.622366
-3.040811 2.753457
-2.952803 2.642841
-3.461877 3.055248
-3.355173 2.950899
-3.369431 2.969501
-3.325635 2.923579
-3.289749 2.931144
-3.372838 2.987983
-3.466129 3.016974
-2.999487 2.652016
-2.974844 2.665770
-3.258838 2.824857
-2.749229 2.427430
-2.939736 2.600576
-3.060049 2.762211
-3.095144 2.703697
-3.281212 2.879721
-3.135600 2.785259
-3.078889 2.694744
-3.056085 2.693453
-3.290709 2.915945
-2.934113 2.603830
-3.698513 3.193847
-2.928895 2.622279
-3.081215 2.713976
-3.219179 2.799912
-3.055093 2.624857
-3.252208 2.840080
-3.127562 2.816323
2.933647 -2.711531
-3.115129 2.723985
-3.045573 2.709132
-3.218764 2.865010
-0.564939 0.471410
-3.277023 2.872966
-3.314661 2.971266
-3.169636 2.784678
-3.024882 2.667867
-3.193596 2.800787
-3.385026 2.994454
-3.012789 2.633115
-3.464762 3.046535
-2.854228 2.508194
-3.441967 2.995594
-3.131614 2.788728
-3.275533 2.876672
-3.285277 2.881209
-2.923969 2.582820
-3.244853 2.880899
-3.213736 2.838475
-3.165096 2.830301
-3.407672 2.955006
-2.700952 2.410748
-3.169101 2.785540
-2.989695 2.613291
-3.243030 2.886545
-3.059329 2.750781
-3.066921 2.663456
-2.806655 2.492248
-3.751483 3.287956
-3.031346 2.717264
-3.041595 2.709059
-2.417636 2.111942
-3.064353 2.737813
-3.535153 3.128180
-3.567310 3.002638
-3.452666 2.987485
-3.357823 2.935290
-3.193498 2.849304
-2.940585 2.595821
-2.973817 2.643387
-3.419394 2.973259
-3.460584 2.943712
-3.078667 2.728483
-2.966131 2.603677
-3.011173 2.647609
-3.144712 2.812925
-3.232737 2.827473
-3.299025 2.877180
-3.094036 2.674440
-3.242318 2.885524
-3.451055 3.043499
-3.173093 2.745883
-3.294363 2.933157
-3.460626 2.985065
-2.952396 2.625678
-3.440292 3.011835
3.189068 -3.068368
3.828624 -3.555582
4.108373 -3.780217
4.676805 -4.444719
3.221257 -2.919890
3.295245 -3.110721
2.752508 -2.732249
3.547729 -3.283263
3.420733 -3.133155
3.711680 -3.233156
