-2.443581 2.481735
-2.448896 2.487065
-2.531387 2.569797
-2.457999 2.496208
-2.550002 2.588456
-2.432789 2.470884
-2.711097 2.750056
-1.913990 1.953959
-2.500219 2.538528
-2.415422 2.453451
-2.508370 2.546707
-1.587066 1.628256
-2.031256 2.070804
-2.458495 2.496703
-2.402745 2.441710
-1.778625 1.819141
-2.408156 2.446209
-2.345675 2.383551
-2.576671 2.615226
-2.402705 2.440730
-2.855795 2.895194
-2.367251 2.405335
-2.451874 2.490050
-2.186649 2.225868
-1.993867 2.033900
-2.391394 2.429385
-2.531851 2.570272
-2.860029 2.899428
-2.614610 2.653279
-2.479788 2.518054
-2.680063 2.718933
-2.402132 2.440158
-2.128345 2.167347
-2.349119 2.387524
-1.841759 1.882150
-2.482566 2.520828
-2.611471 2.650096
-2.534800 2.573229
-2.518589 2.556965
-2.685198 2.724064
-0.259939 0.307038
-2.388287 2.426271
-2.580410 2.618959
-2.277262 2.315771
-2.517015 2.555386
-2.385192 2.423962
-2.295899 2.335280
-2.416088 2.454457
-2.361035 2.398938
-2.417124 2.455184
0.404744 -0.354406
-1.965244 2.005611
-1.683218 1.723943
-2.555290 2.593770
-2.560737 2.599229
-2.571655 2.610191
-2.702218 2.741152
-2.708500 2.747443
-2.354881 2.392878
-2.160451 2.199281
-2.718515 2.757485
-2.512538 2.550889
-0.814918 0.859300
-2.342370 2.380917
-2.330850 2.369599
-2.596999 2.635604
-2.834431 2.873753
-1.364364 1.406580
-2.473086 2.511320
-2.513109 2.551446
-1.610142 1.651013
-2.375729 2.413797
-2.438484 2.476623
-1.631395 1.672393
-1.738304 1.778940
-1.548276 1.589611
-2.262383 2.300886
-2.101681 2.140563
-2.490550 2.528831
-2.235025 2.273659
-2.292297 2.331336
-1.847536 1.887774
-2.341041 2.378986
-1.780417 1.821521
-2.511106 2.549467
-1.231109 1.273572
-2.420653 2.458738
-2.491458 2.529766
-2.096194 2.136031
-1.792663 1.833212
-2.602903 2.641539
-2.323904 2.362797
-2.062966 2.102399
-2.156015 2.196160
-2.723722 2.762721
-2.551078 2.589561
-2.774500 2.813647
-2.491462 2.529757
-1.204904 1.247403
-2.391776 2.429765
-2.495184 2.533484
-1.897194 1.937009
-2.507354 2.545710
-2.083829 2.123172
0.849853 -0.798104
1.510280 -1.453613
1.563063 -1.505985
1.962518 -1.899192
1.265797 -1.212738
1.625082 -1.567038
1.500173 -1.443658
0.309816 -0.260545
1.364968 -1.310277
1.657019 -1.598552
