-2.679138 2.618772
-2.812238 2.752240
-3.631040 3.571898
-3.277051 3.217603
-3.345986 3.286603
-2.454326 2.393351
-3.488605 3.429338
-2.846761 2.786805
-3.523133 3.463894
-3.361027 3.301661
-3.425202 3.365888
-3.531096 3.471870
-2.729520 2.669308
-3.442703 3.383398
-3.466521 3.407235
-3.396993 3.337652
-3.505727 3.446475
-3.016558 2.956904
-3.566620 3.507421
-3.029941 2.970254
-3.119027 3.059443
-3.600019 3.540850
-3.369275 3.309908
-3.499760 3.440500
-3.369349 3.309980
-3.407162 3.347823
-3.532236 3.473007
-3.524520 3.465284
-3.194164 3.134649
-3.197223 3.137706
-3.607524 3.548361
-3.311599 3.252183
-3.066433 3.006798
-3.427756 3.368437
-3.395257 3.335914
-3.382593 3.323235
-1.443640 1.379833
-2.566300 2.505781
-3.327355 3.267947
-2.206085 2.144840
-3.571641 3.512446
-3.531058 3.471827
-3.172334 3.112796
-3.182505 3.122973
-3.215489 3.155991
-3.502090 3.442833
-3.306660 3.247236
-3.348443 3.289053
-3.321550 3.262136
-2.134897 2.073419
-3.277150 3.217700
-3.496772 3.437515
-3.209635 3.150133
-3.415042 3.355712
-3.445248 3.385942
-3.542219 3.483000
-3.390942 3.331591
-1.820422 1.758298
-3.432251 3.372939
-3.490108 3.430844
-2.016866 1.955065
-3.356649 3.297272
-3.459205 3.399913
-3.398451 3.339107
-3.264074 3.204613
-3.340142 3.280755
-3.250382 3.190910
-3.488741 3.429476
-3.300514 3.241088
-3.410197 3.350860
-3.389607 3.330255
-3.508692 3.449442
-3.090683 3.031072
-3.584496 3.525312
-3.112266 3.052675
-3.381680 3.322321
-2.890826 2.830820
-3.329328 3.269922
-3.284297 3.224858
-3.482126 3.422852
-3.392841 3.333493
-2.973505 2.913720
-3.415796 3.356466
-3.124517 3.064941
-3.266933 3.207474
-3.434162 3.374849
-3.421546 3.362224
-3.494408 3.435148
-3.427712 3.368393
-3.367754 3.308390
-3.037654 2.978006
-3.331098 3.271695
-3.351398 3.292012
-3.433566 3.374253
-3.210651 3.151143
-3.262146 3.202682
-2.942626 2.882891
-3.001418 2.941729
-3.384150 3.324798
-3.501102 3.441846
-3.400881 3.341540
-3.516491 3.457248
-3.617916 3.558761
-3.378653 3.319297
2.177232 -2.249564
1.530593 -1.600056
1.794359 -1.864986
2.597682 -2.671894
1.516713 -1.586119
2.005497 -2.077064
-0.404803 0.339817
1.316784 -1.385376
1.746348 -1.816766
0.963625 -1.031502
