-3.942258 3.898959
-3.220768 3.186843
-3.212079 3.178257
-2.977427 2.946645
-3.029299 2.997834
-3.697290 3.657171
-0.921727 0.894145
-3.129641 3.096893
-3.361401 3.325644
-3.685312 3.645350
-3.487523 3.450129
-3.328653 3.293320
-3.081526 3.049380
-3.609846 3.570858
-3.912166 3.869263
-2.964360 2.933755
-3.621288 3.582165
-3.449992 3.413094
-3.784402 3.743147
-4.089401 4.044193
-3.516189 3.478424
-2.630845 2.602612
-3.168606 3.135355
-3.214788 3.180918
-3.249583 3.215277
-3.642260 3.602845
-3.293028 3.258155
-2.686830 2.658314
-3.780928 3.739729
-3.453087 3.416138
-3.131400 3.098616
-3.376908 3.340943
-3.594100 3.555328
-3.042625 3.011003
-2.897984 2.868248
-3.496707 3.459192
-2.773425 2.743970
-2.991454 2.960485
-2.904966 2.875106
-2.890392 2.860744
-3.402568 3.366273
-3.707649 3.667404
-3.679052 3.639174
-3.400249 3.363983
-2.959398 2.928824
-2.900759 2.870957
-2.878696 2.849206
-3.311144 3.276050
-3.183034 3.149593
-2.907579 2.876422
-3.778202 3.737042
-3.443648 3.406809
-3.784725 3.743471
-2.927747 2.897589
-3.360302 3.324562
-3.520613 3.482790
0.793497 -0.817537
-3.410707 3.374311
-3.692293 3.652235
-3.551388 3.513163
-3.101282 3.068871
-3.851614 3.809498
-3.649570 3.610074
-2.310791 2.278437
-2.947211 2.915588
-3.431765 3.395093
-3.049918 3.018202
-3.394890 3.358706
-3.131631 3.098828
-4.102403 4.057025
-3.373366 3.337447
-2.958296 2.927772
-3.676637 3.636792
-2.526631 2.498354
-2.886575 2.856871
-3.317988 3.282780
-3.294890 3.259998
-0.876179 0.842165
-2.965990 2.935355
-3.725303 3.684828
-3.194523 3.160914
-3.321103 3.285864
-1.715450 1.687848
-3.351946 3.316312
-2.952222 2.921772
-3.528094 3.490169
-3.188373 3.154872
-2.520939 2.491591
-2.718222 2.690011
-3.341626 3.306128
-3.609337 3.570365
-3.738345 3.697697
-3.257075 3.222677
-3.086325 3.054143
-2.676702 2.646996
-2.016826 1.988433
-3.712595 3.672277
-3.785109 3.743845
-3.837261 3.795326
-2.798970 2.770506
-1.815920 1.788652
-3.424695 3.388119
-3.538839 3.500760
-3.457787 3.420776
0.969440 -0.991834
1.349768 -1.374971
1.264986 -1.288070
0.075647 -0.099983
2.173906 -2.219707
2.822143 -2.884133
-0.856268 0.830707
1.281554 -1.305052
1.424141 -1.451202
-1.029365 1.002230
