-3.090064 3.314859
-3.153438 3.296022
-3.206219 3.395075
-3.208899 3.408516
-2.842237 3.044416
-2.603564 2.809110
-2.969507 3.156734
-2.860104 3.191558
-2.941315 3.301993
-2.653402 2.852532
-3.016781 3.178578
-2.943705 3.061919
-2.980993 3.215849
-2.840436 3.056823
-3.065534 3.247312
-2.585230 2.767745
-2.864014 3.194290
-2.765385 2.960686
-2.653365 2.835093
-2.826100 3.072723
-2.999007 3.258631
-3.202615 3.533024
-3.133416 3.317115
-2.882175 3.073762
-2.636188 2.833271
-3.426599 3.600746
-2.982363 3.220969
-2.966304 3.150117
-2.397097 2.728783
-3.039996 3.246668
-2.613681 2.823858
-3.282706 3.438183
-2.666411 2.894584
-2.861846 3.182202
-2.825758 3.010597
-3.597261 3.632089
-3.047825 3.189249
-2.922594 3.193086
-2.095975 2.200589
-3.208446 3.563254
-3.400682 3.501079
-3.153404 3.315955
-2.140406 2.343180
-2.961763 3.135188
-2.714472 2.873504
-3.318587 3.572150
-3.082069 3.411834
-3.012870 3.271722
-3.541179 3.654312
-2.980489 3.160354
-3.065747 3.265174
-3.052650 3.240958
-2.911409 3.060238
-2.742337 2.976539
-3.043739 3.191950
-3.066111 3.378986
-3.154943 3.365034
-2.980931 3.170784
-3.077515 3.220467
-2.935332 3.168486
-3.140691 3.455579
-3.137248 3.286895
-3.044621 3.286591
-3.222304 3.401593
-3.054634 3.279976
-2.751396 2.942420
-3.217873 3.422389
-3.001934 3.237848
-3.175258 3.387237
-3.225475 3.435929
-3.013209 3.150801
-2.695896 3.230722
-3.228120 3.386077
-1.889273 2.304065
-3.092067 3.340103
-2.515246 2.709291
-3.071751 3.264821
-2.884555 2.952471
-3.003716 3.228639
-2.222689 2.571403
-3.212451 3.310923
-2.922631 3.213272
-2.923105 3.036699
-2.961668 3.197937
-2.882799 3.172527
-1.758829 2.022999
-3.323862 3.467707
-2.773348 3.029703
-3.147422 3.282189
-3.167180 3.379943
-3.009534 3.201509
-3.153221 3.364090
-3.101366 3.291822
-1.513690 1.766138
-2.804842 3.059326
-3.221897 3.282049
-2.836252 3.093391
-3.151119 3.311034
-2.533530 2.828304
-3.181259 3.359574
-3.289970 3.391675
-2.954319 3.142725
-2.762767 2.910342
-2.995128 3.225043
4.580942 -3.375666
3.936859 -3.108390
4.037354 -3.261040
4.317692 -3.409017
3.338198 -2.222184
3.043327 -2.374581
4.471807 -3.591637
5.148172 -3.930986
1.485910 -0.574314
3.540908 -2.762531
