-2.110132 2.109032
-2.121120 2.120075
-2.102917 2.101799
-2.120631 2.119573
-2.082155 2.080978
-2.089717 2.088564
-1.956343 1.954987
-1.752887 1.751085
-1.943132 1.941716
-2.089070 2.087886
-2.028239 2.026803
-1.879915 1.878099
-1.352097 1.349220
-1.958552 1.957051
-2.130259 2.129267
-2.085172 2.083991
-1.655743 1.653818
-2.131956 2.130969
-2.062816 2.061494
-2.136781 2.135811
-1.768269 1.766758
-1.887463 1.885619
-1.955472 1.954261
-1.888546 1.886614
-2.115139 2.114063
-2.111594 2.110504
-2.129792 2.128781
-2.134413 2.133310
-1.972580 1.971137
-2.062988 2.061825
-1.740637 1.737831
-2.152505 2.151653
-1.917377 1.915699
-2.065268 2.064014
-1.454797 1.450669
-2.081929 2.080680
-1.343850 1.340352
-2.001036 1.999681
-2.103099 2.101971
-2.004874 2.002980
-2.096242 2.095032
-2.111467 2.110391
-2.084148 2.082957
-2.114999 2.113911
-2.052778 2.051473
-2.115103 2.114040
-1.912252 1.910224
-2.134910 2.133926
-2.020051 2.018826
-1.982977 1.981627
-1.703324 1.700821
-2.109489 2.108395
-1.808328 1.807680
-1.890366 1.888240
-1.977523 1.976359
-1.728800 1.726730
-2.104035 2.102933
-2.073254 2.071959
-2.113580 2.112471
-0.280502 0.277218
-2.099440 2.098307
-2.107232 2.106139
-2.140683 2.139688
-2.077544 2.076238
-1.985552 1.983345
-1.942309 1.940133
-2.064938 2.063738
-2.120979 2.119931
-1.943217 1.941540
-1.980651 1.979270
-2.138458 2.137436
-2.060036 2.058601
-2.058365 2.057127
-2.049633 2.048389
-0.744459 0.740242
-2.140893 2.139892
-2.079356 2.078169
-1.821244 1.819646
-2.121773 2.120719
-0.346495 0.340820
-1.844043 1.842185
-1.459251 1.455542
-1.979676 1.978149
-2.053028 2.051880
-2.119305 2.118244
-2.108366 2.107267
-2.080757 2.079614
-1.966470 1.964921
-1.895442 1.893657
-2.037015 2.035664
-2.128434 2.127427
-2.104606 2.103512
-2.136543 2.135393
-2.094217 2.093073
-2.077555 2.076348
-1.313834 1.311529
-2.124477 2.123439
-2.019080 2.017311
-2.118103 2.117046
-2.143645 2.142732
-2.068451 2.067220
-2.123485 2.122426
-2.004748 2.003389
-2.097356 2.096204
-0.172325 0.168472
1.280936 -1.282403
1.185421 -1.186797
1.110963 -1.112498
0.463569 -0.467500
0.226226 -0.228652
0.799164 -0.801551
1.077405 -1.078995
1.331324 -1.337311
1.427473 -1.431916
