-1.859404 1.862749
-2.041090 2.043831
-2.113105 2.115441
-2.057774 2.060438
-1.956884 1.959945
-1.803042 1.806515
-2.086438 2.088947
-1.962074 1.965117
-2.079846 2.082396
-2.122865 2.125127
-2.020637 2.023466
-1.893081 1.896315
-2.051345 2.054041
-1.859787 1.863128
-2.128456 2.130670
-2.104144 2.106549
0.054680 -0.049115
-2.121217 2.123491
-2.103638 2.106041
-1.516397 1.520383
-1.949470 1.952552
-1.871201 1.874509
-1.674719 1.678447
-2.085658 2.088178
-2.093792 2.096265
-1.802838 1.806311
-2.086081 2.088591
-2.100289 2.102711
-1.663792 1.667518
-2.071733 2.074320
-2.041993 2.044728
-2.150259 2.152211
-2.033672 2.036445
-2.019184 2.022019
-2.085117 2.087637
-1.943245 1.946351
-2.059296 2.061951
-2.133693 2.135856
-2.109028 2.111394
-0.945237 0.949857
-2.103242 2.105650
-1.939876 1.942993
-1.980069 1.983052
-1.326906 1.331125
-2.060680 2.063330
-2.095337 2.097795
1.270636 -1.261973
-2.008543 2.011422
-2.079928 2.082475
-2.100432 2.102859
-0.524000 0.528953
-1.843902 1.847284
-2.128659 2.130872
-2.050173 2.052872
-2.000576 2.003481
-2.011100 2.013966
-1.920552 1.923726
-1.986429 1.989389
-2.030883 2.033668
-2.025100 2.027910
-1.935154 1.938283
-2.025335 2.028143
-1.901951 1.905164
-1.943275 1.946378
-2.052911 2.055597
-1.967080 1.970104
-2.032418 2.035197
-2.051589 2.054282
-2.122699 2.124963
-2.092086 2.094558
-2.013822 2.016677
-2.053883 2.056563
-2.023452 2.026269
-1.749797 1.753396
-2.036232 2.038993
-1.436560 1.440633
-2.014883 2.017736
-2.098589 2.101026
-2.100606 2.103029
-2.004738 2.007633
-2.102409 2.104817
-2.122744 2.125010
-1.851122 1.854469
-1.937577 1.940696
-2.032232 2.035012
-2.099130 2.101563
-2.047798 2.050507
-2.081490 2.084026
-1.860812 1.864141
-1.899006 1.902239
-2.068332 2.070942
-2.146172 2.148185
-2.080888 2.083429
-2.123544 2.125798
-1.775271 1.778808
-1.886669 1.889941
-1.859834 1.863175
-2.062101 2.064743
-1.662281 1.666026
-2.046574 2.049294
-2.042646 2.045380
-2.025326 2.028139
-2.080171 2.082712
-1.890755 1.894010
1.598898 -1.587570
1.149494 -1.141390
1.113297 -1.105350
1.858944 -1.844283
2.248595 -2.230744
1.054582 -1.046866
2.190573 -2.173030
1.312442 -1.303565
0.970992 -0.963608
2.300852 -2.282563
