-2.357970 2.365560
-2.793613 2.799984
-2.774931 2.781362
-1.698828 1.715907
-2.416996 2.425208
-2.540021 2.547130
-0.378234 0.414818
-2.212427 2.223078
-2.569889 2.576871
-2.588886 2.595829
-2.160420 2.170818
-2.730909 2.737456
-2.323137 2.333276
-2.712221 2.718828
-2.520174 2.527325
-1.938392 1.952673
-2.420784 2.428213
-2.686926 2.693611
-2.416848 2.424276
-2.323878 2.331555
-2.654699 2.661453
-2.135652 2.148497
-1.995291 2.008469
-2.900491 2.906582
-2.459194 2.466577
-2.461108 2.468421
-2.519170 2.526321
-1.560218 1.579546
-2.413088 2.420533
-2.665911 2.672636
-1.890826 1.905359
-2.819785 2.826071
-2.528715 2.535831
-2.228621 2.239316
-2.246132 2.257252
-2.581353 2.588313
-2.174800 2.186637
-1.717954 1.735114
-2.775208 2.781625
-1.856745 1.872424
-2.638117 2.644927
-2.661633 2.668385
-2.470518 2.477792
-2.437475 2.444844
-2.210708 2.221956
-1.541072 1.560531
-1.919100 1.934038
-2.608541 2.615445
-2.520252 2.527407
-2.815368 2.821711
-2.530529 2.537647
-2.519679 2.526810
-2.430409 2.437791
-1.907304 1.921834
-2.696108 2.702749
-2.422772 2.430190
0.543027 -0.492452
-2.285914 2.294846
-2.651653 2.658432
-2.605587 2.612497
-2.371889 2.380171
-2.387165 2.394673
-2.444697 2.452047
-2.054688 2.066112
-2.994465 3.000268
-1.994081 2.006654
-2.225326 2.236130
-2.697476 2.704111
-2.879608 2.885744
-2.411099 2.418540
-2.858088 2.864287
-1.905701 1.920515
-2.506948 2.514132
-2.420493 2.429851
-2.215935 2.227504
-2.650931 2.657696
-2.497802 2.505009
-0.733200 0.767463
-2.734288 2.740815
-2.386683 2.394195
-2.101509 2.113194
-2.670060 2.676767
-0.980214 1.009098
-2.309029 2.317887
-2.170928 2.182530
-2.401134 2.408592
-2.758688 2.765174
-1.983328 1.997861
-1.918012 1.933189
-2.596372 2.603296
-2.440014 2.447373
-2.594481 2.601421
-2.216426 2.226725
-2.783818 2.790229
-2.862390 2.868550
-1.133538 1.159277
-2.117321 2.127771
-2.603745 2.610660
-2.510890 2.518043
-2.178061 2.189985
-1.068233 1.095171
-2.779163 2.785573
-2.348457 2.356044
-2.632089 2.638915
0.755928 -0.702214
0.846583 -0.790042
0.875868 -0.820659
0.193336 -0.147379
1.971781 -1.884970
2.499537 -2.393353
-0.489563 0.524965
0.927821 -0.871112
1.212421 -1.150619
-0.421245 0.456680
