-1.862023 1.847133
-2.061322 2.044942
-2.154015 2.136965
-2.061674 2.045299
-1.968850 1.953159
-1.793356 1.778981
-2.116540 2.099762
-1.955943 1.940332
-2.156786 2.139704
-2.166956 2.149808
-2.078491 2.061983
-1.918583 1.903263
-2.071418 2.054955
-1.834213 1.819544
-2.169342 2.152182
-2.144032 2.127045
-0.131283 0.128482
-2.153403 2.136358
-2.155716 2.138651
-1.553385 1.540757
-1.966730 1.951046
-1.888076 1.872977
-1.673098 1.659561
-2.159228 2.142136
-2.154475 2.137407
-1.833600 1.818897
-2.131706 2.114821
-2.122755 2.105937
-1.632813 1.619548
-2.086483 2.069944
-2.054572 2.038271
-2.195039 2.177716
-2.050707 2.034420
-2.074939 2.058449
-2.124431 2.107592
-1.951127 1.935574
-2.096966 2.080329
-2.188745 2.171461
-2.134677 2.117770
-0.995684 0.987004
-2.097234 2.080580
-1.945799 1.930289
-1.989012 1.973189
-1.401416 1.389925
-2.068390 2.051957
-2.117261 2.100475
1.010026 -1.005443
-2.039192 2.022995
-2.106049 2.089349
-2.152859 2.135810
-0.608310 0.602239
-1.842514 1.827763
-2.172560 2.155373
-2.079993 2.063481
-2.008096 1.992126
-2.018572 2.002520
-1.905710 1.890491
-2.009790 1.993800
-1.969137 1.953427
-2.049501 2.033228
-1.953026 1.937454
-2.024449 2.008371
-1.991226 1.975328
-1.931796 1.916373
-2.079642 2.063129
-1.945391 1.929848
-2.052221 2.035913
-2.087607 2.071046
-2.184113 2.166856
-2.102842 2.086178
-2.035920 2.019741
-2.066100 2.049704
-2.086883 2.070289
-1.677371 1.663823
-2.052921 2.036626
-1.418424 1.406749
-2.080023 2.063474
-2.147593 2.130590
-2.146126 2.129131
-2.021153 2.005038
-2.116417 2.099649
-2.159295 2.142198
-1.929070 1.913645
-1.949797 1.934201
-2.057448 2.041088
-2.115084 2.098314
-2.056943 2.040611
-2.103200 2.086528
-1.904379 1.889149
-1.962480 1.946836
-2.095821 2.079195
-2.197990 2.180681
-2.111607 2.094869
-2.166072 2.148937
-1.780974 1.766694
-1.881201 1.866143
-1.911634 1.896374
-2.055208 2.038886
-1.697243 1.683569
-2.136712 2.119762
-2.049024 2.032737
-2.099887 2.083202
-2.096789 2.080172
-1.916147 1.900829
1.420398 -1.413587
0.905710 -0.901834
0.823520 -0.820088
1.540497 -1.534685
1.493742 -1.491468
0.844584 -0.841043
1.480088 -1.477333
1.134488 -1.129058
0.786311 -0.783127
1.490175 -1.488364
