-1.775173 1.770231
-2.096254 2.090291
-1.437492 1.433506
-2.162869 2.156664
-1.998336 1.992694
-2.032599 2.026845
-1.386056 1.382218
-2.134813 2.128711
-1.995772 1.990127
-2.100531 2.094590
-2.062516 2.056658
-2.004795 1.999134
-2.091555 2.085603
-1.199787 1.196499
-1.989966 1.984353
-1.883202 1.877915
-2.125143 2.119078
-1.882078 1.876792
-2.077808 2.071919
-2.035288 2.029527
-1.525029 1.520787
-2.098275 2.092290
-2.050142 2.044342
-1.988722 1.983111
-2.110055 2.104071
-2.075956 2.070055
-2.104551 2.098556
-2.073468 2.067596
-1.786481 1.781488
-2.100363 2.094392
-2.135603 2.129533
-2.155438 2.149279
-2.152549 2.146385
-1.995415 1.989774
-2.098162 2.092186
-2.133004 2.126920
-1.989984 1.984368
-1.728296 1.723463
-2.091407 2.085479
-2.133651 2.127553
-1.313562 1.309915
-2.041119 2.035349
-2.106994 2.101071
-2.022838 2.017127
-2.117080 2.111043
-2.121163 2.115105
-1.963879 1.958345
-2.102889 2.096900
-2.068483 2.062607
-2.018723 2.013017
-2.160987 2.154770
-1.984404 1.978810
-2.032985 2.027251
-2.133969 2.127887
0.161200 -0.160401
-2.020900 2.015197
-1.826309 1.821180
-1.272467 1.268954
-1.942978 1.937519
-2.105748 2.099748
-1.933925 1.928475
-2.129565 2.123513
-2.131378 2.125290
-2.112971 2.106942
-2.118898 2.112851
-2.076214 2.070322
-2.138043 2.131929
-1.804834 1.799775
-2.119141 2.113115
-1.889615 1.884325
-2.055888 2.050058
-2.128212 2.122146
-2.124802 2.118758
-2.104460 2.098470
-2.044106 2.038341
-2.117550 2.111510
-2.107538 2.101533
-2.073240 2.067376
-1.679471 1.674775
-2.007995 2.002322
-1.999249 1.993613
-2.111972 2.105962
-2.147912 2.141772
-2.165285 2.159056
-2.124217 2.118178
-2.126899 2.120840
-1.897697 1.892363
-2.133884 2.127801
-1.854498 1.849295
-2.057088 2.051266
-0.106652 0.106637
-1.971444 1.965907
-2.048107 2.042308
-2.123116 2.117057
-2.071662 2.065795
-2.162872 2.156690
-2.158788 2.152595
-2.012488 2.006812
-2.127568 2.121489
-2.153203 2.147053
-2.165465 2.159244
-2.142607 2.136475
-1.438804 1.434791
-1.302453 1.298853
0.409584 -0.408013
1.522344 -1.515097
0.027875 -0.027504
1.687349 -1.678033
1.626895 -1.618453
1.523061 -1.515814
0.324111 -0.322795
1.684777 -1.675509
1.474870 -1.468041
0.425570 -0.423950
