-2.082656 2.124692
-2.114433 2.156374
-2.114652 2.156767
-1.829537 1.868096
-2.033187 2.074913
-2.106697 2.148973
-0.289670 0.301773
-2.020870 2.062361
-2.086724 2.128913
-2.113998 2.156287
-2.020664 2.062059
-2.118064 2.160172
-2.024701 2.066314
-2.123658 2.165850
-2.109438 2.151695
-1.933978 1.974192
-2.079932 2.122022
-2.113783 2.156009
-2.083372 2.125471
-2.082014 2.123993
-2.115535 2.157784
-1.984994 2.026084
-1.963578 2.004212
-2.119171 2.160906
-2.058279 2.100277
-2.093437 2.135633
-2.089266 2.131476
-1.759055 1.796483
-2.085446 2.127553
-2.112273 2.154523
-1.913439 1.953330
-2.121385 2.163308
-2.099113 2.141362
-2.022331 2.063845
-2.013602 2.055075
-2.106882 2.149150
-1.983027 2.024130
-1.848059 1.886880
-2.104366 2.146422
-1.900439 1.940199
-2.112664 2.154913
-2.122775 2.165005
-2.092674 2.134864
-2.075777 2.117865
-1.973979 2.014920
-1.725402 1.762271
-1.919700 1.959776
-2.101823 2.144083
-2.087057 2.129265
-2.097600 2.139684
-2.107726 2.149995
-2.094345 2.136570
-2.091721 2.133880
-1.933102 1.973260
-2.114551 2.156779
-2.079430 2.121526
0.595567 -0.598942
-2.047585 2.089333
-2.119204 2.161456
-2.112702 2.154974
-2.062116 2.104103
-2.083260 2.125323
-2.089048 2.131209
-1.849260 1.888179
-2.096582 2.137475
-1.974627 2.015337
-2.017458 2.058951
-2.114829 2.157140
-2.109525 2.151150
-2.098788 2.140910
-2.123316 2.165127
-1.926124 1.966234
-2.097795 2.140032
-2.049886 2.091793
-1.946213 1.986942
-2.108319 2.150568
-2.081106 2.123255
-0.212614 0.221647
-2.105801 2.147999
-2.080247 2.122302
-1.987175 2.028193
-2.110297 2.152508
-1.157327 1.184576
-2.046870 2.088654
-1.951572 1.992311
-2.074537 2.116586
-2.112327 2.154423
-1.841873 1.881156
-1.913781 1.953750
-2.102689 2.144964
-2.079193 2.121291
-2.115782 2.158065
-2.026853 2.068390
-2.111040 2.153061
-2.111976 2.153911
-1.280847 1.310533
-2.005342 2.046537
-2.117381 2.159662
-2.111248 2.153511
-2.009337 2.050710
-1.315378 1.345427
-2.124157 2.166240
-2.044539 2.086243
-2.108882 2.151155
0.750499 -0.756436
0.878602 -0.886638
0.812312 -0.819191
0.257557 -0.255444
1.358758 -1.365921
1.465034 -1.460558
-0.616314 0.634353
0.865340 -0.873056
1.098037 -1.109031
-0.437181 0.451831
