-2.770295 2.623027
-2.794371 2.576298
-3.171615 2.917673
-2.522855 2.256833
-2.913054 2.749463
-2.986904 2.848793
-3.421994 3.236005
-3.302094 2.806765
-3.402034 3.110609
-2.884069 2.650401
-2.965010 2.607333
-3.059561 2.827799
-2.424338 2.157356
-3.107966 2.907869
-2.748411 2.618674
-3.125758 2.929504
-3.635657 3.360828
-2.755785 2.656205
-2.801612 2.546272
-2.837119 2.644696
-3.693550 3.410784
-3.001506 2.733941
-3.637204 3.149091
-3.041107 2.850889
-2.628769 2.412884
-2.972237 2.754368
-3.197025 2.977951
-3.243273 3.092345
-3.316980 3.064244
-3.022960 2.920145
-3.341336 3.232312
-2.718137 2.575405
-3.222783 3.010931
-3.024275 2.802828
-2.706366 2.440880
-2.629588 2.365479
-3.398209 3.213170
-3.109862 2.867830
-3.729849 3.477981
-3.212261 3.019001
-2.893400 2.617684
-3.452685 3.267140
-3.041936 2.827399
-3.209549 3.033643
-3.017313 2.736943
-2.818325 2.671555
-3.048951 2.820406
-2.844922 2.653123
-3.106702 2.723071
-3.208597 2.963853
-2.581478 2.203942
-3.090408 2.898725
-3.736477 3.304551
-3.307125 3.029665
-3.375416 3.108351
-3.887096 3.570679
-3.090827 2.865479
-2.628149 2.357496
-2.601851 2.358656
-1.567002 0.758237
-3.301543 3.028391
-2.693770 2.538146
-3.304552 3.149170
-2.731350 2.485352
-2.673874 2.272054
-3.366049 3.031369
-3.047746 2.888182
-2.952742 2.755358
-3.152500 2.853307
-3.407775 3.218417
-3.332839 3.160867
-3.062711 2.960464
-2.915471 2.604950
-2.960034 2.615482
-0.180009 -0.423936
-3.243371 3.079105
-2.961010 2.759765
-3.121741 2.718812
-2.594904 2.386493
-2.138989 1.928297
-3.080148 2.916130
-2.930643 2.594326
-3.011205 2.768669
-3.696204 3.409461
-3.279360 3.104191
-2.450341 2.350880
-3.090723 2.848721
-3.324857 3.048592
-3.184749 2.916984
-3.161747 2.924008
-2.959397 2.821540
-3.126999 2.940343
-3.040955 2.898850
-3.036214 2.842933
-2.991146 2.695295
-2.903035 2.519378
-3.023677 2.803307
-3.134910 2.905433
-3.065192 2.857604
-2.646298 2.490914
-3.001152 2.737706
-2.948995 2.752161
-3.040461 2.623699
-3.303481 3.150207
-0.214111 -0.406415
2.445043 -3.240502
2.535360 -3.565520
2.522513 -3.596947
2.306199 -3.392757
1.615698 -2.722711
2.284330 -3.308000
2.440936 -3.355558
1.125976 -2.328810
2.403885 -3.524554
