-2.036966 2.048340
-1.692677 1.702762
-2.129604 2.141113
-2.113908 2.125434
-2.057260 2.068658
-1.825805 1.836475
-2.100373 2.111861
-1.993689 2.004921
-2.106360 2.117854
-1.978238 1.989398
-2.155460 2.166996
-2.150141 2.161669
-1.629419 1.639251
-2.064416 2.075827
-2.101017 2.112509
-2.146616 2.158165
-2.117804 2.129315
-2.108147 2.119684
-2.069525 2.080930
-2.147488 2.159055
-2.157076 2.168626
-2.112255 2.123746
-2.117721 2.129250
-2.030204 2.041507
-2.110073 2.121587
-2.153588 2.165126
-2.087121 2.098569
-2.123749 2.135274
-1.898355 1.909252
-2.042082 2.053447
-2.095537 2.106993
-2.101930 2.113434
-2.022226 2.033530
-2.031529 2.042848
-2.152314 2.163856
-2.122916 2.134448
-1.119564 1.120452
-1.751073 1.761387
-2.116239 2.127766
-1.422994 1.431936
-2.085332 2.096773
-2.075119 2.086546
-2.164275 2.175797
-1.922809 1.933775
-2.002045 2.013286
-2.128861 2.140385
-2.099823 2.111317
-2.053109 2.064489
-2.113146 2.124665
-1.408954 1.417846
-2.171845 2.183285
-2.144996 2.156532
-2.114868 2.125554
-2.157267 2.168802
-2.131513 2.143050
-2.072957 2.084377
-2.151567 2.163107
-1.745096 1.755387
-2.130830 2.142365
-2.171480 2.182929
-1.401518 1.410408
-2.164139 2.175657
-2.045045 2.056400
-2.025012 2.036311
-1.922183 1.933157
-2.169116 2.180594
-2.084111 2.095583
-2.159610 2.171131
-2.147526 2.159082
-2.137484 2.149019
-2.033535 2.044862
-2.116356 2.127866
-2.099007 2.110519
-2.081331 2.092766
-1.853948 1.864686
-2.033127 2.044451
-2.168572 2.179965
-2.039046 2.050394
-2.074323 2.085768
-2.046170 2.057523
-2.112694 2.124216
-2.154447 2.166013
-2.109923 2.121430
-2.128627 2.140184
-2.030535 2.041860
-2.068529 2.079945
-2.081135 2.092586
-2.152188 2.163719
-2.137754 2.149298
-1.973610 1.984751
-2.017373 2.028671
-2.172343 2.183707
-2.073396 2.084838
-2.125497 2.137032
-2.113128 2.124660
-2.009807 2.021075
-1.732329 1.742589
-2.023500 2.034812
-2.069744 2.081162
-2.099378 2.110859
-2.129060 2.140603
-2.092615 2.104081
-2.125834 2.137343
-2.097600 2.109090
1.676080 -1.680817
1.151303 -1.155054
1.524436 -1.529290
1.849926 -1.853063
1.126156 -1.129792
1.527382 -1.532258
-0.107450 0.110020
1.056787 -1.060105
1.258955 -1.263169
0.754582 -0.756379
