-2.531629 2.488656
-4.145005 4.031379
-5.331360 5.179968
-4.870437 4.731650
-3.643780 3.548209
-4.775127 4.640777
-4.866125 4.729910
-4.641099 4.509765
-3.130085 3.068209
-4.940447 4.799094
-4.267683 4.158753
-3.544712 3.456111
-4.292512 4.171504
-3.359445 3.275704
-4.771520 4.638732
-5.068293 4.924174
1.386285 -1.258076
-5.173038 5.022505
-4.374933 4.252498
-2.323721 2.291450
-3.397584 3.309935
-3.547403 3.456645
-2.653910 2.603997
-5.513929 5.357742
-5.570733 5.414521
-3.493110 3.409184
-4.768703 4.636198
-4.702289 4.567935
-3.115115 3.045145
-3.888526 3.793133
-3.206635 3.147492
-5.441904 5.284011
-4.347930 4.227746
-4.797889 4.663467
-4.543244 4.414699
-2.950023 2.883180
-3.442624 3.357576
-5.111383 4.965866
-6.415428 6.228753
-1.580582 1.580146
-5.208893 5.060105
-3.618429 3.532900
-3.969314 3.867818
-1.335387 1.340223
-4.103453 3.990117
-5.128721 4.981003
4.014118 -3.755805
-4.223131 4.116907
-4.649546 4.517593
-4.587820 4.463556
-0.062493 0.121395
-3.721043 3.629589
-4.652759 4.522542
-4.588508 4.457844
-4.490668 4.365496
-4.134887 4.024151
-3.600719 3.506543
-5.186989 5.039126
-5.504439 5.346216
-4.265524 4.147728
-3.541138 3.453218
-4.370818 4.261395
-3.803457 3.717140
-2.980496 2.920693
-3.871614 3.773821
-4.026444 3.915045
-4.262675 4.146046
-4.568459 4.442268
-5.962726 5.790380
-4.690280 4.561688
-3.787473 3.688926
-5.059532 4.926195
-4.161014 4.054385
-3.161186 3.083369
-4.442116 4.321227
-2.568714 2.518868
-4.795757 4.672666
-3.396074 3.312885
-4.726685 4.591358
-4.978821 4.852128
-5.272886 5.120570
-4.281886 4.165736
-4.167935 4.060200
-4.676152 4.551093
-5.007701 4.868230
-5.148628 5.001075
-4.347055 4.228141
-4.638354 4.508698
-4.490721 4.374644
-4.316970 4.204162
-4.418763 4.296958
-5.125748 4.979581
-5.422303 5.263559
-5.294451 5.151304
-2.522294 2.471422
-3.374311 3.294288
-3.587466 3.508755
-5.097126 4.954699
-2.592538 2.549244
-4.685412 4.554086
-4.141318 4.023700
-3.610436 3.529070
-5.275413 5.126544
-3.491518 3.398864
1.595721 -1.468769
2.127663 -1.960801
1.819631 -1.677991
4.147713 -3.879888
4.647860 -4.340972
1.553704 -1.417917
4.698195 -4.393121
3.138037 -2.910466
1.759128 -1.615164
4.558914 -4.264099
