-4.480801 4.353043
-4.619903 4.144929
-4.742287 4.332514
-5.129599 4.642312
-4.736542 4.478979
-4.420021 4.046948
-4.512894 3.976446
-4.655891 4.299085
-4.609120 4.044279
-3.461469 3.234473
-4.755338 4.217269
-4.697750 4.394914
-5.196631 4.763572
-4.998131 4.684041
-4.907537 4.453753
-4.486167 4.294458
-4.380012 4.259332
-4.878491 4.727351
-4.571373 4.325162
-5.092948 4.737374
-4.648300 4.381855
-2.784486 2.134234
-5.039534 4.776741
-4.857809 4.571660
-5.150773 4.593904
-4.978265 4.737566
-4.887386 4.577091
-5.416221 4.859287
-4.552775 3.925332
-4.986105 4.461176
-4.719162 4.460627
-4.534636 4.013616
-5.052898 4.609247
-5.576687 4.940751
-4.900683 4.346468
-5.091719 4.714252
-4.293203 3.889516
-4.743204 4.390353
-4.113641 3.856998
-5.140130 4.642943
-5.037452 4.824503
-4.865548 4.519573
-4.517141 4.269633
-4.664558 4.177286
-4.263350 4.129748
-4.633689 4.216277
-3.876755 3.858913
-4.749646 4.262996
-4.823464 4.288761
-4.106003 3.846791
-4.693523 4.238190
-4.963789 4.264852
-5.159516 4.776946
-4.971085 4.508192
-4.772086 4.470578
-4.640069 4.249377
-4.815844 4.440032
-4.792890 4.199659
-4.733610 4.128456
-4.740919 4.509508
-4.922455 4.407669
-4.764158 4.345594
-4.900222 4.436020
-5.145864 4.961316
-4.937737 4.426904
-5.125793 4.737895
-5.090808 4.437860
-4.977787 4.619800
-4.746591 4.300609
-5.067011 4.665573
-5.035407 4.478743
-3.382980 3.130841
-5.140606 4.714950
-3.956552 3.428792
-4.597404 4.268850
-4.827542 4.631651
-4.171125 3.823869
-4.050233 3.581311
-4.317548 4.233305
-3.270002 3.162741
-4.652401 4.345998
-4.907789 4.458197
-4.802458 4.519921
-4.578194 4.232528
-4.228576 3.989738
-4.581100 4.354760
-7.161274 3.656099
-4.663921 4.420150
-4.546050 4.211686
-4.646379 3.841825
-5.019709 4.718215
-5.064756 4.803201
-4.365503 3.997214
-0.692368 0.635516
-4.345189 3.878765
-4.867024 4.381524
-4.998626 4.532084
-4.555908 4.262402
-4.486859 4.248302
-4.895043 4.418633
-4.271673 3.652858
-4.980176 4.389580
-4.711258 4.287957
-4.848975 4.560662
4.062201 -4.309258
3.946053 -4.131869
4.528399 -4.526858
4.760707 -4.709100
3.068549 -3.001549
4.070096 -4.285392
3.932597 -4.096124
4.340301 -4.523751
1.173483 -1.194762
3.824196 -3.641729
