-3.830976 3.905628
-5.556250 5.593667
-5.972458 5.991600
-6.030583 6.048286
-5.264630 5.307515
-4.725130 4.780444
-5.565047 5.612273
-5.492651 5.530676
-4.024208 4.103599
-3.483059 3.566858
-6.811509 6.814240
-4.065720 4.138804
-4.226943 4.292213
-5.339974 5.381676
-4.825328 4.876319
-6.270689 6.280680
-4.983472 5.037286
-5.237987 5.279816
-3.105965 3.212228
-4.931789 4.988972
-5.308625 5.349146
-3.283896 3.374461
-5.052192 5.097953
-4.898907 4.952379
-6.078981 6.095159
-5.213498 5.252126
-4.092454 4.166606
-6.350334 6.361695
-5.109314 5.142800
-4.361750 4.419412
-4.447654 4.508001
-6.508910 6.525263
-3.243619 3.340890
-4.563769 4.636511
-5.459978 5.487859
-5.885679 5.911725
-4.186053 4.260570
-4.445366 4.504842
-5.082840 5.121779
-5.646075 5.669078
-5.359699 5.399202
-5.552559 5.581287
-4.691447 4.742221
-5.448896 5.489385
-3.241772 3.341289
-3.387796 3.487583
-4.352921 4.414693
-5.788234 5.812533
-6.199768 6.214038
-3.311677 3.393788
-4.769269 4.818635
-5.121097 5.167798
-6.161123 6.176688
-4.326096 4.399506
-5.470798 5.502959
-5.265549 5.306697
-4.819967 4.873452
-6.183161 6.202555
-5.316473 5.349548
-4.864548 4.916536
-3.410884 3.497592
-5.449556 5.487494
-4.855595 4.905727
-4.235559 4.309905
-5.910713 5.937105
-4.163552 4.237204
-5.679968 5.716229
-4.041741 4.116348
-5.599289 5.631469
-5.078413 5.120760
-5.616893 5.657247
-3.043672 3.151061
-6.476360 6.484479
-3.657331 3.747236
-5.276598 5.312660
-4.060328 4.136134
-5.385179 5.420426
-4.665140 4.720455
-4.003432 4.084836
-1.746459 1.884926
-3.760237 3.841315
-5.144060 5.191994
-7.251597 7.241062
-4.373942 4.440504
-2.849422 2.956761
-2.903706 3.010088
-5.055638 5.098525
-5.399808 5.432757
-6.116022 6.137919
-4.968476 5.015666
-5.521566 5.559157
-4.719761 4.768592
-4.802623 4.850057
-1.085789 1.246985
-4.192315 4.255938
-6.000976 6.019112
-4.821177 4.881311
-5.204841 5.253272
-4.386096 4.474720
-5.013250 5.055520
-5.510926 5.534855
-4.916437 4.964085
-6.437754 6.447616
-4.593707 4.653993
2.151147 -1.905092
2.191337 -1.942342
2.788279 -2.492509
2.806353 -2.509144
1.381643 -1.158117
2.155910 -1.910574
2.509167 -2.237350
2.483702 -2.213188
0.082335 0.104333
1.838597 -1.595813
