-4.543295 4.504712
-4.210515 4.166964
-3.759237 3.734915
-4.150968 4.120829
-4.104357 4.079445
-4.196549 4.165026
-3.495440 3.486114
-4.052454 4.024023
-2.949903 2.947412
-4.021866 3.992795
-4.971653 4.923585
-2.775907 2.827044
-2.392075 2.420695
-3.236471 3.230749
-4.078378 4.045550
-3.774715 3.752749
-2.473295 2.506488
-4.227625 4.192234
-3.157609 3.155812
-3.457977 3.440965
-2.274330 2.308090
-3.210179 3.201221
-3.369253 3.364702
-2.936133 2.941165
-4.508903 4.469898
-4.388538 4.358065
-3.669743 3.649494
-3.915694 3.887332
-3.182685 3.188354
-3.417655 3.405282
-5.599269 5.569803
-4.922484 4.865300
-3.188707 3.186224
-4.182675 4.164882
-2.163777 2.196562
-4.262650 4.246810
-2.133850 2.167532
-3.988263 3.965993
-4.740127 4.747860
-3.634051 3.612823
-4.622010 4.581435
-4.330245 4.294809
-3.675068 3.670475
-4.306844 4.265104
-3.823656 3.805315
-4.465542 4.425401
-3.594906 3.583360
-4.278300 4.241838
-3.741247 3.723989
-3.788044 3.770616
-2.471831 2.494347
-3.839087 3.811844
-3.818952 3.816276
-3.086743 3.086682
-4.317716 4.290300
-2.921307 2.928301
-4.024829 3.997416
-3.571669 3.561027
-3.742231 3.726317
-2.304721 2.329992
-4.283079 4.246738
-4.368662 4.325639
-4.241039 4.199158
-3.221195 3.226760
-4.865924 4.823501
-3.823240 3.797208
-3.547365 3.536842
-4.137881 4.103488
-3.422683 3.410799
-2.817929 2.832124
-3.893457 3.870963
-4.292643 4.267664
-4.245677 4.216361
-3.439478 3.429343
-1.341926 1.410539
-5.534421 5.476812
-3.635952 3.619946
-1.983003 2.018934
-3.053343 3.054825
-0.307884 0.416434
-2.853934 2.866681
-3.162411 3.158566
-2.972787 2.984609
-4.813791 4.768298
-3.794729 3.769938
-4.055299 4.025977
-4.137169 4.100248
-2.628166 2.637986
-2.993979 3.002668
-3.810488 3.791934
-4.326689 4.280952
-4.153948 4.111566
-4.333551 4.294674
-4.210155 4.175645
-4.329048 4.301064
-1.335870 1.404275
-4.012436 3.979909
-4.026434 3.994953
-3.098567 3.099500
-4.055130 4.021472
-3.640370 3.615411
-3.591343 3.566509
-3.656859 3.641890
-4.176126 4.135958
0.045995 0.082295
2.270181 -2.045193
2.065401 -1.850632
1.327093 -1.144095
0.453925 -0.315441
0.600819 -0.436548
1.296174 -1.124923
1.246215 -1.079267
3.598516 -3.284906
4.463655 -4.120086
