-3.394986 3.493564
-2.795249 2.873364
-5.205450 5.360601
-3.781388 3.893586
-3.899594 4.015821
-3.684134 3.792005
-4.199580 4.325805
-3.501692 3.603906
-4.120768 4.242629
-4.481959 4.612160
-4.666141 4.808199
-4.959845 5.111626
-2.684928 2.759828
-3.760768 3.872416
-4.548893 4.687124
-5.442210 5.609195
-3.652734 3.759499
-3.357609 3.454497
-3.845023 3.957355
-4.808668 4.955250
-4.335500 4.467003
-5.984617 6.166284
-4.646802 4.787128
-6.119787 6.300837
-4.189183 4.315156
-5.082023 5.237341
-4.028799 4.149824
-4.564352 4.702955
-3.578039 3.684269
-3.846883 3.960343
-4.371419 4.502843
-3.676481 3.785365
-4.026271 4.146747
-3.646437 3.754119
-4.111105 4.236010
-4.110627 4.232735
-5.436336 5.604976
-2.633829 2.705914
-3.841095 3.955634
-1.928804 1.976107
-4.129701 4.253498
-2.560099 2.629152
-4.090129 4.212935
-3.186143 3.278833
-3.981315 4.100709
-4.027758 4.148660
-4.383696 4.513675
-4.022892 4.142722
-4.483584 4.619251
-2.299932 2.360508
-4.383067 4.515706
-4.624315 4.763910
-5.056933 5.210280
-4.281409 4.410852
-4.734735 4.878229
-4.855662 4.999135
-4.456049 4.589772
-3.453603 3.550939
-4.630012 4.770098
-5.256884 5.416758
-2.751398 2.820024
-4.387678 4.519496
-3.831190 3.946238
-3.623285 3.730117
-3.581593 3.687124
-5.720514 5.895906
-3.030161 3.118328
-5.112622 5.269432
-6.228302 6.415617
-4.247160 4.377115
-3.741611 3.853592
-4.220770 4.347689
-3.927029 4.045155
-4.822041 4.966380
-3.508075 3.609194
-4.181793 4.306085
-4.372821 4.505641
-4.233864 4.359456
-3.513067 3.615009
-4.150509 4.275612
-3.721728 3.832967
-4.032905 4.153821
-4.609402 4.748185
-3.034024 3.118517
-4.480101 4.614907
-3.910667 4.026778
-5.416347 5.579411
-4.206756 4.332781
-4.215042 4.341100
-3.494784 3.598132
-3.323614 3.418379
-5.084897 5.239616
-5.395711 5.559554
-4.220428 4.346577
-3.915931 4.032454
-3.642138 3.749188
-3.108217 3.196234
-3.555770 3.660109
-3.952712 4.070399
-3.892758 4.007504
-5.114931 5.269888
-4.425287 4.558203
-4.582431 4.720581
-4.543762 4.679975
3.117531 -3.260103
1.625006 -1.707065
2.416642 -2.532768
3.145503 -3.291197
1.672420 -1.756439
2.510222 -2.628671
0.588199 -0.632052
1.804760 -1.896941
2.025443 -2.126669
1.754165 -1.840980
