-4.818558 4.102211
-5.323440 4.793932
-4.710387 4.355908
-5.566194 4.873456
-5.271954 4.680888
-5.095092 4.783196
-4.883348 4.286649
-4.899387 4.647037
-4.965387 4.389731
-5.247751 4.612142
-5.486972 4.805686
-4.827549 5.269180
-5.124253 4.544219
-3.900743 3.361977
-4.779210 4.281282
-5.266188 4.577830
3.160683 -2.892630
-4.822528 4.417025
-5.013218 6.227403
-4.277290 3.688062
-5.103646 4.453187
-4.082208 3.788445
-4.739450 4.077111
-4.514505 4.171540
-5.179175 4.515987
-5.569395 4.780059
-4.732921 4.008937
-4.723173 4.212098
-5.077683 4.430212
-4.287449 3.728667
-3.999223 3.559757
-5.015907 4.478717
-5.124829 4.650342
-5.464499 4.880355
-5.300439 4.424143
-2.521679 3.624495
-5.292503 4.630409
-4.349309 3.930937
-5.043904 4.046606
-4.261882 3.702622
-4.605791 4.216738
-5.096047 4.503842
-5.407713 4.765098
-3.282428 2.702475
-5.180173 4.650867
-5.204283 4.791187
0.255487 -0.876286
-5.245711 4.519679
-4.893111 4.360360
-5.519647 4.832854
0.855012 -1.147031
-4.886390 4.499426
-5.119495 4.408288
-4.841732 4.299324
-4.399581 3.912824
-5.028564 4.410396
-5.140472 4.446672
-5.404494 4.691231
-4.423149 4.294554
-5.142735 4.591436
-5.051383 4.238937
-4.433535 4.140546
-4.668672 4.129703
-4.260547 3.271974
-5.076597 4.050328
-5.106213 4.541115
-5.225266 4.750228
-4.481822 3.859141
-4.888473 4.298727
-4.775394 4.201879
-5.008912 4.560381
-5.124742 5.050422
-5.298560 4.663695
-4.028753 3.583607
-5.426090 4.603969
-4.252526 3.665654
-5.342044 4.650626
-5.183367 4.651673
-4.833889 4.375571
-3.359579 3.432006
-4.769596 4.432949
-4.896742 4.667015
-5.654914 4.897504
-5.060546 4.329913
-4.742052 4.306113
-5.166338 4.591980
-4.490099 3.857436
-4.878305 4.241844
-4.673306 3.959107
-5.243199 4.554700
-5.159821 4.535890
-4.557358 4.039514
-5.099446 4.810588
-4.831935 4.341463
-4.532034 3.959665
-5.107873 4.410302
-9.135316 7.211026
-4.885466 4.487667
-4.163488 3.758124
-5.032356 4.732882
-4.765039 4.079611
-4.685027 3.788208
-3.984124 3.697947
-5.087641 4.566992
4.062271 -3.995376
4.244012 -3.976691
3.781533 -3.606621
4.911748 -5.131922
4.688071 -4.696273
3.818656 -3.511430
4.940600 -5.337091
4.633036 -4.282131
4.133328 -3.972139
4.972206 -5.534784
