-4.034390 3.998488
-4.414904 4.369417
-3.240978 3.232337
-4.577714 4.525343
-3.569521 3.546953
-4.100090 4.058155
-3.968304 3.934655
-4.015575 3.985818
-4.826620 4.778000
-4.377160 4.329363
-3.335320 3.325158
-5.396944 5.327686
-4.287280 4.248974
-5.067322 5.012711
-5.033216 4.975291
-4.431733 4.386146
-3.068240 3.067901
-4.166257 4.132659
-4.151654 4.114200
-1.985911 2.024865
-4.082404 4.048942
-6.499914 6.413225
-3.368571 3.363399
-2.527041 2.548811
-4.574313 4.525365
-3.009956 3.012046
-3.101602 3.097373
-4.703564 4.653953
-3.728283 3.697354
-3.701786 3.689864
-3.899505 3.871449
-3.946841 3.918278
-3.946359 3.914910
-4.475786 4.424004
-2.484142 2.490944
-4.081057 4.039385
-5.320587 5.261415
-2.657156 2.663430
-2.838674 2.843628
-3.991132 3.963957
-4.458523 4.415735
-4.484045 4.451502
-3.044083 3.041810
-3.599564 3.579116
-4.536680 4.493904
-4.117308 4.075706
-1.999272 2.032454
-2.764480 2.775123
-3.952349 3.917855
-2.708407 2.715755
-4.291257 4.248569
-3.961479 3.932762
-5.009010 4.948771
-3.637324 3.619332
-4.956163 4.897565
-3.456975 3.444513
0.274422 -0.141204
-4.028862 4.001483
-2.631736 2.642735
-2.876470 2.878707
-4.185673 4.152673
-3.791940 3.761070
-3.333225 3.330114
-2.918853 2.925207
-4.197508 4.163710
-3.858391 3.829458
-3.535230 3.525624
-4.061596 4.044257
-2.590178 2.598148
-3.670696 3.649989
-4.005408 3.973796
-7.047203 6.953526
-4.437796 4.401528
-3.283619 3.265910
-4.311929 4.276348
-4.908527 4.852579
-5.178364 5.115992
-3.546755 3.523311
-3.672940 3.652067
-3.856030 3.825039
-3.917379 3.891249
-3.577913 3.558658
-4.174552 4.138847
-3.247866 3.233396
-3.956107 3.924513
-2.431423 2.457192
-5.723182 5.647842
-2.931112 2.923761
-3.835388 3.806724
-3.323241 3.322400
-4.659462 4.614085
-4.427965 4.387196
-2.933021 2.932028
-3.222174 3.209980
-4.402394 4.358274
-4.114398 4.078290
-4.582618 4.534312
-4.707950 4.660287
-4.142485 4.112478
-4.379497 4.340605
-4.851280 4.796464
-4.296894 4.262211
-2.167182 2.193019
-3.406667 3.392562
3.519659 -3.247009
1.416323 -1.240013
2.560309 -2.334863
1.215423 -1.054776
3.307103 -3.059113
0.640069 -0.507494
1.519194 -1.361107
1.571270 -1.396870
1.203495 -1.050182
2.150931 -1.944669
