-3.171149 2.911713
-5.272461 4.931945
-5.249063 4.920642
-5.175456 4.850567
-5.211038 4.873818
-4.665253 4.353288
-6.156333 5.753179
-5.321184 4.976956
-4.020001 3.712196
-3.591232 3.319186
-6.504129 6.111722
-3.814600 3.532118
-3.753816 3.475343
-5.043694 4.716372
-4.371624 4.077608
-5.998774 5.639427
-5.256946 4.907016
-4.758073 4.449226
-2.824142 2.533552
-4.161596 3.858922
-5.343777 5.000333
-3.510502 3.223628
-4.250674 3.964016
-4.331325 4.025446
-5.295772 4.962388
-4.363528 4.065492
-3.581520 3.302480
-5.808974 5.458652
-4.521510 4.232952
-3.243086 2.994960
-3.966508 3.686665
-6.489086 6.082969
-2.898984 2.624147
-4.072051 3.748001
-5.075775 4.763832
-5.180888 4.846360
-4.270897 3.938404
-4.189758 3.903875
-4.498584 4.197433
-4.576894 4.287626
-4.567620 4.265125
-5.171861 4.851075
-3.901397 3.622277
-5.375968 5.032460
-3.039284 2.764537
-2.589117 2.286993
-3.900595 3.616825
-5.598202 5.258021
-5.466490 5.131690
-2.981499 2.744762
-4.257201 3.971481
-4.837934 4.505332
-5.517071 5.181046
-4.403392 4.079380
-4.555330 4.255506
-4.954949 4.632021
-4.401354 4.102093
-5.814775 5.446707
-5.141283 4.819345
-4.860465 4.538484
-2.843162 2.583312
-5.405178 5.063557
-4.440854 4.143415
-3.745278 3.453605
-5.639327 5.288307
-3.745949 3.463916
-4.509741 4.195616
-3.784750 3.497102
-4.900970 4.579696
-4.558739 4.260436
-5.304234 4.956773
-2.577222 2.273472
-5.593639 5.254024
-4.062708 3.720123
-4.713228 4.410690
-3.733142 3.448247
-5.426053 5.086643
-4.507277 4.192054
-3.196713 2.905653
-1.453278 1.190604
-3.424089 3.150794
-5.142025 4.801936
-6.618813 6.222743
-4.255605 3.946319
-2.645385 2.380679
-2.373494 2.110955
-4.889228 4.577198
-4.790450 4.480184
-5.676837 5.321839
-4.525558 4.217691
-4.991298 4.667391
-3.775426 3.510051
-4.534630 4.231888
-0.790151 0.518462
-4.031551 3.749200
-5.189800 4.862824
-5.093967 4.748467
-4.994944 4.663229
-4.921576 4.516685
-4.569742 4.273805
-4.818807 4.515971
-4.368125 4.076382
-5.830142 5.475611
-4.404945 4.098620
1.388008 -1.700020
1.679943 -1.963659
3.365988 -3.712101
3.428627 -3.784086
0.994729 -1.286198
1.684040 -1.959828
2.502029 -2.814149
2.620410 -2.972143
0.035249 -0.310163
1.124364 -1.442841
