0.000390 0.999610
0.000233 0.999767
0.000608 0.999392
0.000080 0.999920
0.003169 0.996831
0.000072 0.999928
0.001546 0.998454
0.000267 0.999733
0.002084 0.997916
0.000453 0.999547
0.000131 0.999869
0.080121 0.919879
0.002270 0.997730
0.001859 0.998141
0.000905 0.999095
0.002310 0.997690
0.000859 0.999141
0.000916 0.999084
0.003561 0.996439
0.009004 0.990996
0.002628 0.997372
0.001759 0.998241
0.005504 0.994496
0.000707 0.999293
0.000342 0.999658
0.000012 0.999988
0.003006 0.996994
0.001069 0.998931
0.001199 0.998801
0.001019 0.998981
0.000000 1.000000
0.000252 0.999748
0.000787 0.999213
0.000090 0.999910
0.017499 0.982501
0.000646 0.999354
0.007681 0.992319
0.000271 0.999729
0.000341 0.999659
0.002303 0.997697
0.000171 0.999829
0.000439 0.999561
0.001244 0.998756
0.000207 0.999793
0.000328 0.999672
0.000076 0.999924
0.001833 0.998167
0.000666 0.999334
0.009165 0.990835
0.000208 0.999792
0.003319 0.996681
0.002451 0.997549
0.001792 0.998208
0.006290 0.993710
0.000386 0.999614
0.001643 0.998357
0.002020 0.997980
0.001567 0.998433
0.001797 0.998203
0.031637 0.968363
0.000280 0.999720
0.000233 0.999767
0.003770 0.996230
0.001805 0.998195
0.000290 0.999710
0.000606 0.999394
0.000578 0.999422
0.003146 0.996854
0.000401 0.999599
0.002123 0.997877
0.002202 0.997798
0.004844 0.995156
0.001115 0.998885
0.003959 0.996041
0.058546 0.941454
0.000449 0.999551
0.000897 0.999103
0.026162 0.973838
0.043590 0.956410
0.385611 0.614389
0.000590 0.999410
0.001748 0.998252
0.001189 0.998811
0.001160 0.998840
0.001276 0.998724
0.003101 0.996899
0.000769 0.999231
0.006732 0.993268
0.001726 0.998274
0.000181 0.999819
0.000280 0.999720
0.000140 0.999860
0.000222 0.999778
0.000062 0.999938
0.000272 0.999728
0.033448 0.966552
0.001473 0.998527
0.000026 0.999974
0.014371 0.985629
0.000660 0.999340
0.000643 0.999357
0.000526 0.999474
0.002041 0.997959
0.000988 0.999012
0.598113 0.401887
0.993568 0.006432
0.992218 0.007782
0.971594 0.028406
0.905027 0.094973
0.921564 0.078436
0.974189 0.025811
0.934751 0.065249
0.996830 0.003170
0.999906 0.000094
