-4.183898 4.318678
-4.129800 4.184373
-3.048259 3.523535
-4.166555 4.095671
-4.207981 4.410141
-4.452094 4.469424
-4.340604 4.404739
-4.751357 5.030202
-4.437419 4.280492
-3.859478 3.279563
-4.115360 4.284760
-4.046950 4.188873
-4.442579 4.876909
-4.216313 4.094924
-4.241431 4.336321
-4.208269 4.321063
-4.008835 4.161629
-4.113975 4.376991
-4.013799 4.113127
-4.402334 4.589132
-4.622747 4.783298
-4.233826 4.389710
-4.351874 4.312570
8.415646 7.101810
-4.270483 4.482698
-4.644171 5.021735
-4.124124 4.441615
-4.341838 4.120800
-3.944031 4.279146
-4.466080 4.726427
-4.166489 4.191741
-4.699040 4.962784
-4.445167 4.344667
-4.350100 4.771134
-4.290887 4.353400
-4.200239 4.208788
7.337153 0.404186
-4.707016 4.758110
-4.213822 4.396983
-3.831608 4.113509
-4.009644 4.085102
-3.513608 3.526846
-4.275509 4.692255
-4.182669 4.343394
-3.922669 3.997779
-3.953110 4.039800
-4.503986 4.615143
-4.137153 4.332322
-4.036931 4.142579
-4.148266 4.453412
-4.365669 4.527593
-4.107492 4.415109
-3.746378 4.114004
-4.399565 4.533926
-4.594012 4.667911
-4.702942 4.579618
-4.377782 4.795807
-3.929445 4.600723
-4.595058 4.559631
-4.182152 4.588763
-3.558804 4.095966
-4.596045 4.458841
-3.890926 4.162073
-3.578809 3.642852
-3.966398 4.153234
-4.933167 4.957959
-3.864149 3.887740
-3.926065 3.868823
-4.394310 4.779315
-4.442017 4.385920
-4.465444 4.382444
-4.469982 4.380523
-4.471378 4.680229
-4.223036 4.530129
-4.501393 4.546448
-4.873117 4.834439
-4.448696 4.897584
-4.494576 4.740562
-3.981181 3.941082
-4.250312 4.431373
-4.464146 4.214275
-4.830772 4.899294
-3.988572 4.194039
-4.336185 4.547865
-4.823786 4.925596
-4.731752 4.642272
-4.215797 4.614697
-3.531197 3.837233
-4.283552 4.563827
-3.826618 3.568529
-4.778529 4.941783
-4.336032 4.516418
-5.046338 5.164438
-4.240254 4.216914
-4.650545 4.020690
-4.204228 4.106346
-4.518334 4.659674
-4.275544 4.363548
-3.328417 4.013501
-3.861178 4.413898
-4.731112 4.848592
-4.560104 4.644836
-4.444705 4.477683
-4.374663 4.526256
4.690008 -3.857659
4.675036 -3.862195
4.957343 -4.088603
4.963264 -4.093254
3.567401 -2.533002
4.620491 -3.822245
2.512341 -1.833433
4.270575 -3.659918
3.189649 -2.397378
4.370114 -3.589626
