-4.587690 4.525637
-4.070531 4.015087
-3.527444 3.475893
-2.899841 2.851638
-4.336444 4.277741
-4.276905 4.218193
-3.247741 3.197229
-4.186072 4.127435
-3.044669 2.991334
-2.180605 2.140149
-4.334458 4.275150
-2.432326 2.389789
-3.539414 3.486953
-4.709398 4.649157
-3.907925 3.852154
-3.258632 3.208709
-2.920332 2.874531
-4.065288 4.007294
-4.067196 4.013997
-4.579094 4.515798
-2.348672 2.300001
-3.327492 3.279302
-4.309059 4.250064
-4.260009 4.199216
-3.706756 3.652401
-4.824512 4.760554
-3.006051 2.957888
-3.322314 3.272389
-4.281070 4.221984
-4.335580 4.272862
-4.179580 4.125545
-3.184053 3.133274
-3.476161 3.419114
-3.502012 3.446650
-3.877227 3.815971
-3.130209 3.080440
-3.185953 3.131040
-3.754006 3.702460
-4.629876 4.564616
-3.759234 3.706445
-4.282990 4.223478
-4.012679 3.954573
-3.669369 3.614524
-3.006428 2.957716
-4.016683 3.960578
-3.132108 3.081819
-4.324292 4.264503
-2.879143 2.835428
-4.269897 4.211884
-1.185028 1.146332
-5.510822 5.438732
-5.092333 5.019968
-4.205142 4.146211
-3.561670 3.511915
-2.513135 2.470169
-2.941979 2.892863
-1.769027 1.735818
-1.762884 1.728760
-2.943881 2.897690
-4.836919 4.772251
-1.671979 1.636717
-4.308218 4.248096
-4.967833 4.900265
-4.009200 3.953045
-1.628835 1.595678
-3.780097 3.723692
-4.876597 4.811181
-3.182254 3.133259
-2.659211 2.614518
-4.070172 4.010866
-4.717696 4.654330
-3.148971 3.094527
-4.182738 4.123209
-3.859305 3.806602
-3.593412 3.540684
-4.097977 4.040078
-2.455855 2.413109
-2.316949 2.275229
-2.138248 2.097560
-4.081699 4.026393
-4.741473 4.669502
-3.649124 3.598114
-5.071288 5.005403
-3.448157 3.395021
-4.343807 4.284012
-4.204930 4.142403
-4.674282 4.610477
-3.440994 3.391950
-4.604804 4.542567
-3.726628 3.671853
-4.747406 4.686055
-3.693612 3.639772
-4.424901 4.364926
-3.855206 3.794192
-3.162817 3.112991
-3.625634 3.568834
-4.929403 4.865592
-2.735640 2.688695
-3.986794 3.928605
-4.118742 4.065654
-3.990311 3.931220
-4.916506 4.850661
-5.221836 5.150805
3.059647 -3.086431
1.607141 -1.615106
2.416629 -2.430254
1.016669 -1.031440
2.247621 -2.259035
0.297280 -0.313677
2.297836 -2.308189
2.130542 -2.142383
2.889088 -2.913393
2.339059 -2.350541
