-5.706167 5.774830
-5.107059 5.138326
-4.563774 4.604853
-5.229422 5.277629
-5.630937 5.697012
-5.674606 5.722851
-5.262362 5.333429
-5.657189 5.713236
-3.798663 3.829537
-5.013146 5.060324
-6.784143 6.866127
-4.443236 4.580411
-3.206413 3.266127
-4.310498 4.355626
-5.180121 5.224149
-5.592731 5.642335
-3.674466 3.737064
-5.858134 5.927652
-4.824588 4.878143
-4.518833 4.574600
-3.005241 3.061019
-4.227213 4.266386
-4.718156 4.788694
-3.610342 3.654873
-5.601693 5.654730
-5.388987 5.454920
-5.393158 5.461002
-5.765956 5.822957
-4.163347 4.222219
-4.067507 4.110812
-12.680372 12.812351
-6.454776 6.506709
-3.968063 4.014114
-5.381013 5.462399
-2.850981 2.906048
-5.822399 5.913469
-2.834469 2.884248
-5.151067 5.210562
-7.486698 7.635237
-5.155221 5.201666
-5.361564 5.433707
-5.810215 5.878216
-4.118318 4.207141
-5.512255 5.552989
-4.632020 4.688207
-5.604031 5.656987
-4.684311 4.745093
-5.456157 5.525704
-4.842868 4.924963
-5.140317 5.193384
-3.264217 3.312232
-5.286632 5.337029
-5.871573 5.985622
-3.884948 3.937318
-6.075596 6.161575
-3.547638 3.601162
-5.737838 5.810924
-4.600066 4.661931
-5.096909 5.155698
-4.175943 4.241638
-5.768612 5.818326
-5.708547 5.756726
-6.411927 6.451828
-4.172890 4.241391
-5.954796 6.043124
-5.065905 5.104966
-4.868568 4.921577
-5.501723 5.550309
-4.314857 4.361089
-3.577416 3.635125
-4.627934 4.694436
-6.164354 6.279439
-5.220477 5.290261
-4.195429 4.248950
-1.935783 2.009098
-8.494425 8.600833
-4.783379 4.830554
-2.447988 2.503909
-4.251595 4.307679
-1.121119 1.195357
-3.904884 3.954168
-4.328418 4.372093
-4.153302 4.208524
-7.249218 7.334035
-4.913200 4.953589
-5.802532 5.871078
-5.838037 5.879844
-3.560725 3.594717
-3.750989 3.810114
-4.941997 5.003218
-5.937926 5.969489
-5.400428 5.432351
-5.715005 5.767061
-5.523329 5.570343
-4.819731 4.894509
-2.185854 2.246754
-5.059936 5.103087
-5.005735 5.052674
-4.505524 4.570820
-5.329898 5.372520
-4.920031 4.954168
-4.784953 4.817813
-5.014596 5.079531
-5.487544 5.529644
-0.841950 0.937047
1.846523 -1.731451
1.686614 -1.562225
0.901214 -0.783313
0.038956 0.046900
-0.034784 0.165736
0.930403 -0.835729
1.185731 -1.088456
2.483779 -2.276822
3.148714 -2.961636
