-3.513978 3.583472
-5.007576 5.119720
-5.545275 5.684097
-5.847636 5.998303
-4.496043 4.594894
-4.669657 4.784291
-2.056030 2.067205
-5.516877 5.649538
-4.488374 4.573729
-5.060912 5.171199
-4.344842 4.446152
-4.961149 5.070618
-4.442709 4.539849
-1.790801 1.804767
-4.040650 4.124900
-4.284038 4.378614
-5.493507 5.624304
-4.182384 4.271817
-4.720099 4.824978
-3.925957 4.009407
-2.285439 2.310183
-3.719111 3.800238
-4.041302 4.125208
-4.909600 5.027146
-4.707103 4.818493
-4.343820 4.438834
-3.964143 4.050529
-3.336208 3.405528
-3.278279 3.336599
-4.627399 4.732819
-5.020610 5.136836
-5.640580 5.775861
-5.068137 5.190007
-3.930633 4.015885
-5.147063 5.268991
-4.708364 4.827734
-4.897132 5.001667
-2.784210 2.834049
-4.465667 4.561093
-6.479671 6.641732
-2.540593 2.568282
-4.374485 4.468522
-4.658183 4.755084
-4.092215 4.176090
-5.484711 5.619225
-6.014958 6.155735
-3.865415 3.945526
-6.406980 6.567863
-4.281885 4.372188
-4.626093 4.727297
-5.731230 5.874676
-3.423207 3.488185
-4.385087 4.484017
-6.160236 6.321175
-0.310619 0.267449
-4.651715 4.752601
-3.684494 3.757413
-2.295604 2.309970
-3.949379 4.030033
-5.097046 5.220004
-3.230729 3.285482
-4.817756 4.935159
-7.323002 7.501009
-5.484824 5.614885
-5.354043 5.481380
-6.280936 6.435896
-5.775659 5.921183
-3.757675 3.829355
-4.786655 4.892052
-4.006783 4.094114
-4.547581 4.644097
-5.361557 5.487524
-4.658196 4.771259
-5.484976 5.625489
-4.660265 4.761585
-5.377509 5.496054
-6.320134 6.471590
-5.007128 5.122405
-2.714688 2.747108
-4.322275 4.412647
-4.481133 4.571677
-4.946965 5.063285
-5.564569 5.699675
-6.581471 6.750718
-5.284372 5.406791
-5.191323 5.316222
-3.802767 3.879258
-5.298253 5.435760
-2.994514 3.050469
-4.005807 4.101032
-3.739900 3.808893
-4.687552 4.801108
-3.766888 3.850016
-5.017995 5.134894
-5.079868 5.198105
-5.529336 5.664305
-5.893067 6.047606
-4.881678 4.986132
-4.989463 5.107903
-5.116102 5.237832
-5.644804 5.788443
-5.989316 6.142720
-3.572040 3.653082
-1.427833 1.420121
1.375126 -1.463476
2.883261 -3.078411
0.451275 -0.502212
2.458787 -2.616983
2.835691 -3.027841
2.690275 -2.869659
0.759242 -0.825811
2.853104 -3.052100
2.095736 -2.222162
1.401595 -1.499983
