-5.698639 5.426208
-3.984746 3.717113
-6.246915 5.989620
-5.406425 5.152362
-5.400104 5.128488
-4.921648 4.637725
-4.598579 4.309235
-5.760455 5.447899
-4.569909 4.283010
-5.538634 5.283972
-4.107984 3.844080
-5.680871 5.412965
-4.326695 4.037884
-3.314328 3.022072
-2.921973 2.613888
-3.459683 3.158992
-4.650216 4.363144
-5.566178 5.306268
-4.476762 4.201733
-4.180574 3.902342
-5.807008 5.557226
-4.739594 4.465147
-4.846754 4.569158
-5.787669 5.509711
-3.379189 3.080575
-5.069079 4.794459
-5.206618 4.922629
-5.185473 4.921949
-5.096940 4.817212
-4.960658 4.677977
-4.717558 4.442981
-5.758289 5.497473
-4.675280 4.394927
-4.089263 3.777114
-5.160383 4.886004
-4.024313 3.749771
-4.229035 3.936281
-3.785945 3.496560
-4.130438 3.845332
-5.656652 5.390693
-4.775539 4.499667
-5.428337 5.163857
-5.445219 5.176073
-1.764447 1.426924
-5.376482 5.107641
-6.213759 5.922844
-5.312918 5.042220
-5.189318 4.918945
-4.269289 4.015891
-4.965335 4.673745
-4.583804 4.327932
-4.688686 4.414074
-7.098363 6.848683
-3.939198 3.638839
-5.560214 5.283549
-5.175727 4.916256
-5.195032 4.934459
-5.502387 5.242939
-5.166072 4.892971
-4.372402 4.104048
-4.919785 4.664104
-4.452717 4.172056
-4.470504 4.171872
-3.480060 3.215974
-2.775030 2.445966
-5.839865 5.587929
-5.070955 4.796601
-4.495571 4.218885
-3.603674 3.289790
-5.829858 5.560163
-3.337735 3.047707
-4.755051 4.469026
-2.872437 2.552781
-5.858012 5.558463
-5.861053 5.605268
-5.061417 4.805460
-4.367795 4.091057
-4.386743 4.127599
-5.064831 4.816586
-4.521051 4.248374
-5.436491 5.155840
-5.046602 4.780406
-5.955731 5.664175
-5.550120 5.290897
-4.763730 4.483404
-3.977908 3.687430
-4.401376 4.096550
-5.903419 5.654303
-6.727810 6.459645
-3.920764 3.636736
-4.987179 4.732332
-4.916534 4.639142
-5.078748 4.801693
-2.384419 2.084658
-5.033497 4.730368
-4.889714 4.598124
-3.386145 3.103216
-4.566970 4.293088
-1.822550 1.489258
-2.269741 1.973534
-4.641936 4.318641
-5.078656 4.803918
-4.827867 4.567445
-3.843195 3.558105
1.746255 -2.109558
2.021461 -2.418228
0.046144 -0.342880
1.095558 -1.425735
1.910328 -2.289456
2.074793 -2.483714
2.081728 -2.490111
1.957588 -2.342118
1.663332 -2.014804
