0.003296 0.996704
0.000873 0.999127
0.000241 0.999759
0.000575 0.999425
0.000851 0.999149
0.001230 0.998770
0.009583 0.990417
0.000229 0.999771
0.000260 0.999740
0.000114 0.999886
0.001427 0.998573
0.000086 0.999914
0.001934 0.998066
0.106331 0.893669
0.001712 0.998288
0.000877 0.999123
0.000242 0.999758
0.000863 0.999137
0.002580 0.997420
0.003450 0.996550
0.013612 0.986388
0.044786 0.955214
0.001849 0.998151
0.000539 0.999461
0.000637 0.999363
0.001495 0.998505
0.002827 0.997173
0.013245 0.986755
0.005246 0.994754
0.000755 0.999245
0.000517 0.999483
0.000201 0.999799
0.001039 0.998961
0.002647 0.997353
0.000379 0.999621
0.000677 0.999323
0.000201 0.999799
0.022950 0.977050
0.000541 0.999459
0.000050 0.999950
0.003455 0.996545
0.000506 0.999494
0.000077 0.999923
0.001076 0.998924
0.000583 0.999417
0.000106 0.999894
0.001244 0.998756
0.000060 0.999940
0.001468 0.998532
0.000338 0.999662
0.000252 0.999748
0.004748 0.995252
0.001604 0.998396
0.000141 0.999859
0.222530 0.777470
0.000174 0.999826
0.002272 0.997728
0.003480 0.996520
0.001042 0.998958
0.002239 0.997761
0.004002 0.995998
0.001488 0.998512
0.000004 0.999996
0.000826 0.999174
0.000365 0.999635
0.000016 0.999984
0.000323 0.999677
0.001649 0.998351
0.000221 0.999779
0.001915 0.998085
0.000663 0.999337
0.000200 0.999800
0.005981 0.994019
0.000518 0.999482
0.000336 0.999664
0.000076 0.999924
0.000079 0.999921
0.000167 0.999833
0.011743 0.988257
0.001244 0.998756
0.000214 0.999786
0.000249 0.999751
0.000651 0.999349
0.000077 0.999923
0.000134 0.999866
0.000572 0.999428
0.005543 0.994457
0.001491 0.998509
0.014492 0.985508
0.004101 0.995899
0.000393 0.999607
0.000837 0.999163
0.008554 0.991446
0.000631 0.999369
0.000391 0.999609
0.000032 0.999968
0.001706 0.998294
0.000052 0.999948
0.001402 0.998598
0.000130 0.999870
0.000499 0.999501
0.000204 0.999796
0.003386 0.996614
0.068672 0.931328
0.936670 0.063330
0.999979 0.000021
0.940434 0.059566
0.998839 0.001161
0.999957 0.000043
0.998624 0.001376
0.955670 0.044330
0.999813 0.000187
0.992295 0.007705
0.948732 0.051268
