-3.695390 3.981817
-5.132740 5.379523
-4.398195 4.622568
-2.898901 3.151986
-4.142839 4.432906
-6.714466 7.008483
0.376304 -0.103220
-3.169113 3.416229
-4.831931 5.043930
-5.395845 5.622762
-3.742180 3.939894
-5.293963 5.502851
-3.652782 3.894019
-5.966191 6.250681
-4.445561 4.675273
-2.668402 2.890412
-5.480018 5.740050
-4.792010 5.026633
-5.680868 5.944325
-3.811955 4.098620
-5.657317 5.910184
-3.349546 3.608533
-2.363575 2.581729
-5.046266 5.272251
-3.092037 3.306964
-3.190706 3.484906
-4.867907 5.082965
-2.389361 2.615533
-4.263578 4.524168
-6.523094 6.822937
-3.394499 3.618241
-6.290369 6.522275
-4.300378 4.528594
-3.802043 4.012671
-3.197936 3.405356
-3.441440 3.663763
-3.613046 3.874802
-3.132322 3.395575
-4.598766 4.825522
-3.249714 3.477435
-4.545135 4.766450
-4.701064 4.884456
-3.723514 3.908219
-4.609166 4.842507
-3.031545 3.306412
-2.856050 3.121313
-3.311118 3.537497
-3.653362 3.875656
-4.036686 4.240561
-5.245448 5.513473
-3.874826 4.096518
-4.232826 4.462345
-5.410733 5.648250
-4.067864 4.327401
-4.786649 4.991781
-4.446707 4.655044
1.056719 -0.735627
-4.529791 4.776725
-5.026840 5.296629
-6.058960 6.323442
-4.879114 5.116725
-3.650370 3.865764
-3.564438 3.777528
-4.199824 4.491216
-4.614715 4.888223
-3.231200 3.476179
-4.076122 4.306184
-4.215248 4.464860
-5.759035 6.059253
-4.448862 4.749367
-6.513679 6.729324
-2.629439 2.888766
-5.226916 5.432356
-4.045041 4.243949
-0.042465 0.341235
-4.882000 5.084010
-3.753742 4.023539
-4.693891 4.978773
-6.135887 6.354827
-4.237044 4.460253
-5.668049 5.970616
-4.708118 4.934454
-1.966700 2.270619
-3.589099 3.829108
-3.040317 3.258076
-4.697963 4.906122
-4.150173 4.370491
-2.923107 3.194301
-2.894943 3.105298
-4.929974 5.160196
-7.793406 8.024366
-4.997234 5.224100
-4.063183 4.314650
-5.487445 5.711466
-4.856036 5.104710
-1.982530 2.245069
-4.539244 4.760930
-4.760938 4.975422
-4.962176 5.300787
-3.806050 4.020708
-2.552862 2.793108
-4.259052 4.450779
-4.032429 4.280447
-4.808388 5.058475
2.124002 -1.789764
1.570208 -1.221455
1.971253 -1.624730
0.934526 -0.620282
3.170740 -2.666385
10.804325 -9.060759
-0.813884 1.130341
2.221591 -1.870781
2.509883 -2.111005
-0.213857 0.449702
