-6.369532 6.086740
-6.302355 6.136409
-5.929029 5.661682
-6.530334 6.335748
-5.823893 5.466451
-6.386453 6.092952
-5.524438 5.183200
-6.295304 6.065853
-4.906241 4.536918
-5.884598 5.578019
-7.116504 6.930973
-4.666688 4.072386
-4.094269 3.544061
-5.115645 4.737814
-6.023353 5.769469
-5.801271 5.551394
-4.626947 4.131595
-6.194260 5.961495
-5.027416 4.665841
-5.297520 5.012342
-4.325680 3.794613
-5.130393 4.798627
-5.198285 4.864141
-4.888319 4.497433
-6.695271 6.478886
-6.775010 6.515845
-5.536432 5.235981
-6.014058 5.775084
-5.208397 4.785879
-5.581774 5.268454
-7.694956 7.314130
-6.863245 6.682757
-5.054839 4.644964
-6.171097 5.777520
-3.711706 3.169356
-6.480742 6.242314
-3.957800 3.413349
-5.729018 5.346282
-7.278560 6.930108
-5.742449 5.506779
-6.715498 6.502884
-6.472244 6.216869
-5.515011 5.112801
-6.417368 6.210633
-5.731692 5.371287
-6.652593 6.419068
-5.383104 5.003047
-6.407073 6.214961
-5.369475 5.032209
-5.903299 5.552992
-4.376824 3.919273
-5.603939 5.325136
-5.961269 5.614962
-4.896883 4.495898
-6.065721 5.697537
-4.595433 4.136220
-6.150743 5.923989
-5.470074 5.115417
-5.538261 5.197625
-3.850404 3.350386
-6.334180 6.095977
-6.444388 6.237124
-6.164492 5.995479
-5.209865 4.808945
-6.701692 6.410425
-5.957119 5.705762
-5.503801 5.127075
-5.934323 5.687708
-5.407767 5.054906
-4.724899 4.263717
-5.695775 5.371734
-6.090340 5.778673
-6.074116 5.772883
-5.102773 4.725126
-2.866469 2.151239
-7.653070 7.546343
-5.476381 5.106293
-4.048480 3.565418
-4.466321 4.052938
-2.199856 1.470971
-4.902866 4.464292
-4.970548 4.581863
-4.903335 4.437946
-6.788894 6.611859
-5.744390 5.453940
-5.810354 5.537476
-6.194710 5.988677
-4.495896 4.094018
-4.903048 4.457520
-5.805376 5.472447
-6.550323 6.388770
-6.119114 5.904338
-6.534813 6.330701
-6.405068 6.140068
-6.285538 5.976631
-3.086812 2.431576
-6.051517 5.814791
-6.287744 6.034393
-4.919138 4.539555
-5.994206 5.728324
-5.780576 5.554528
-5.667098 5.415281
-5.430683 5.079539
-6.185346 5.983373
-1.320798 0.400736
0.366420 -1.490405
0.492167 -1.664080
0.015449 -1.154512
-0.866078 -0.057118
-0.754934 -0.292884
0.017741 -1.065539
-0.085613 -0.980628
1.551204 -3.125757
1.763832 -3.362148
