-5.292341 5.258873
-5.864695 5.828515
-4.310698 4.286402
-5.903853 5.867056
-4.914201 4.884088
-5.168277 5.133014
-5.088228 5.055170
-5.400220 5.370789
-6.106694 6.077945
-5.680482 5.644883
-4.397092 4.373397
-6.781008 6.744718
-6.052678 6.018517
-6.921144 6.892519
-7.212314 7.176670
-5.798952 5.764897
-4.425927 4.412460
-5.610658 5.580357
-5.531242 5.497290
-2.579333 2.572444
-4.513942 4.490188
-9.280051 9.257045
-4.592452 4.576553
-3.142200 3.131469
-5.767486 5.733300
-3.796331 3.779359
-3.747825 3.726715
-5.941503 5.909371
-5.450583 5.413647
-4.733577 4.716008
-5.677438 5.647135
-4.995793 4.967481
-5.172649 5.142487
-6.103474 6.067295
-3.356774 3.331230
-5.655463 5.617959
-7.054037 7.022650
-2.724309 2.706814
-4.550115 4.527902
-5.384640 5.360925
-6.100091 6.065960
-5.766677 5.745235
-4.272471 4.247416
-4.372529 4.347551
-6.282189 6.251917
-5.278059 5.244200
-2.677330 2.665167
-3.916553 3.901409
-4.998927 4.966276
-3.712882 3.690332
-5.626128 5.592244
-4.766297 4.742597
-6.767461 6.732152
-5.098463 5.072126
-6.827285 6.790662
-3.737997 3.718718
-0.023649 0.046044
-4.858050 4.834952
-3.279295 3.264558
-3.459929 3.440899
-5.660907 5.633815
-5.199414 5.164861
-4.282831 4.267421
-3.920700 3.904081
-4.705880 4.683955
-5.177719 5.146907
-4.032969 4.017731
-5.113215 5.097717
-3.174562 3.154439
-4.196718 4.174803
-5.148965 5.120727
-9.340913 9.309845
-6.000149 5.977219
-3.860163 3.831988
-5.799561 5.773531
-5.681862 5.652636
-7.114798 7.079392
-4.629533 4.599152
-4.634256 4.609299
-4.886767 4.854848
-4.788304 4.764272
-4.662813 4.639825
-5.493783 5.460173
-3.579661 3.556420
-4.896966 4.868308
-3.519485 3.508713
-7.603988 7.572997
-4.020358 3.993496
-4.968191 4.938454
-4.599979 4.583824
-6.301492 6.275075
-6.423477 6.389998
-3.637901 3.616036
-4.649213 4.625926
-5.845512 5.813893
-5.113938 5.084349
-5.664608 5.633982
-6.354652 6.323364
-5.238030 5.213710
-5.696648 5.671392
-6.341196 6.305160
-5.520887 5.499151
-2.693579 2.680402
-4.230178 4.206480
3.040815 -2.985954
0.934182 -0.905062
2.676471 -2.631508
0.926752 -0.903969
2.699201 -2.657020
0.341531 -0.328128
1.784789 -1.767864
0.991936 -0.969821
1.218764 -1.200466
1.666381 -1.630282
