-3.910130 3.633944
-4.199595 4.174745
-4.639331 4.738341
-4.640969 4.521126
-4.425262 3.639380
-4.855518 4.616308
0.596255 -0.784886
-4.725783 4.631111
-4.728867 4.899001
-4.363427 4.286350
-4.833245 4.708363
-4.342517 4.217283
-4.099864 4.147823
-4.929756 4.623646
-4.635908 4.454562
-4.486969 4.477149
-5.249383 5.272076
-4.760101 4.736695
-4.922730 4.693849
-4.233766 4.230240
-4.934382 4.788522
-4.636771 4.695045
-4.049098 3.757002
-4.581167 4.656918
-4.428346 4.354146
-3.700757 3.538454
-4.526359 4.743867
-3.254860 3.194184
-4.768197 4.686615
-4.783990 4.496147
-4.558122 4.642076
-4.355758 4.468307
-5.098760 5.083004
-4.499954 4.503350
-4.480161 4.494650
-4.587606 4.498110
-4.035346 3.712944
-4.070146 4.037075
-4.156305 4.326848
-4.080461 3.985532
-4.661130 4.569237
-4.187904 4.190994
-4.385676 4.340570
-4.811463 4.721320
-3.922016 3.690069
-4.307519 4.298199
-4.757218 4.709562
-4.985920 4.840279
-4.927416 4.829401
-5.050943 4.937831
-4.678681 4.512705
-4.498343 4.475801
-4.774781 4.707112
-4.563435 4.404262
-4.635650 4.468575
-4.746135 4.754586
2.528899 -2.477371
-4.887270 4.597335
-4.886621 4.500491
-5.006795 4.914701
-4.803532 4.798317
-4.537937 4.444364
-4.519327 4.715194
-4.258680 3.997547
-4.536187 4.362148
-4.117530 3.936648
-4.419388 4.314925
-4.210664 4.195107
-4.357015 4.647198
-4.200941 3.807891
-5.318191 4.906952
-4.771884 4.653888
-4.901226 5.082900
-3.097376 2.529130
-1.599462 1.429391
-4.225371 4.182721
-4.564033 4.323364
-4.093082 4.059597
-3.974910 3.814519
-4.692850 4.754019
-5.437040 5.483839
-4.921134 4.864758
-3.868587 3.818722
-4.879322 4.640254
-3.929383 3.988122
-4.838011 4.793758
-4.792179 4.694829
-4.397567 4.238969
-4.358378 4.324587
-5.161977 5.165686
-4.239817 4.998256
-4.740964 4.611751
-4.644238 4.915792
-5.156763 5.130468
-5.158087 5.092349
-3.920106 3.831260
-4.333132 4.217996
-4.900808 4.647655
-4.494761 4.452453
-4.391952 4.281461
-4.333522 4.184361
-4.574770 4.525382
-4.580839 4.581623
-4.693742 4.631851
3.279614 -3.385841
2.196038 -2.153244
3.732428 -3.574888
1.917818 -1.838193
3.267667 -3.637049
-3.373118 2.265825
-1.285331 1.196078
3.890073 -3.844303
4.722586 -4.359649
0.004561 -0.144781
