-2.518259 2.267049
-4.322541 4.002176
-6.176414 5.747680
-5.046985 4.690317
-3.927752 3.629580
-5.062314 4.667887
-5.386724 4.986393
-5.102038 4.720645
-4.272553 3.888924
-5.443339 5.067115
-4.582167 4.222371
-3.580743 3.260316
-4.760510 4.405425
-3.131036 2.851384
-5.008995 4.624589
-5.727531 5.271462
1.249949 -1.370409
-5.854880 5.460498
-3.902161 3.589401
-2.383008 2.123638
-3.359989 3.090337
-3.871524 3.571317
-2.563515 2.304763
-6.377707 5.877193
-5.837282 5.415449
-3.549885 3.237414
-5.088780 4.691983
-4.886694 4.543752
-3.294536 3.007542
-3.724936 3.401015
-2.920500 2.549707
-5.920354 5.517361
-4.518573 4.190870
-5.411248 5.030918
-4.725560 4.390629
-2.588234 2.318565
-3.958250 3.638495
-5.383034 4.967698
-7.774579 7.205875
-1.963136 1.708488
-5.514526 5.107595
-3.472045 3.165834
-4.340936 3.989662
-1.263898 1.059521
-5.374750 4.994214
-5.643559 5.235794
3.079460 -3.247221
-4.106881 3.759339
-4.750386 4.409472
-4.846686 4.491492
-0.445720 0.274901
-4.098397 3.772068
-4.869097 4.522939
-4.533447 4.198753
-4.892733 4.548719
-4.157842 3.837133
-3.873821 3.578016
-6.099036 5.662867
-5.323130 4.890154
-4.538122 4.183699
-3.846840 3.546911
-4.025900 3.657297
-5.553980 5.108530
-2.578250 2.298542
-4.793958 4.396112
-4.157440 3.846311
-4.540709 4.205556
-4.776789 4.423914
-7.193670 6.661450
-4.498375 4.142092
-3.889176 3.590213
-5.045076 4.616163
-4.390283 4.043410
-3.297008 3.022515
-4.723511 4.343635
-2.744365 2.482634
-5.302183 4.887432
-4.108132 3.782597
-5.060714 4.718646
-3.298757 2.876423
-5.457344 5.065729
-3.601134 3.271697
-4.372781 4.026800
-5.493240 5.073907
-5.861881 5.429845
-5.245786 4.865687
-4.511228 4.167015
-4.533430 4.197668
-4.791122 4.413726
-4.286395 3.945548
-4.463553 4.131173
-5.258802 4.881959
-6.489306 6.019791
-4.966100 4.552056
-2.731671 2.475000
-3.273744 2.992886
1.967824 -2.060954
-4.535243 4.170176
-2.761365 2.484487
-4.984019 4.603963
-4.672798 4.327058
-4.716887 4.317967
-5.358984 4.875551
-3.768112 3.484504
1.615445 -1.708761
2.149651 -2.257419
1.991123 -2.083605
3.388528 -3.577149
3.722810 -3.934445
1.832336 -1.934118
3.730192 -3.942277
2.774246 -2.920597
2.125132 -2.226854
3.393917 -3.582901
