-4.838441 4.929163
-5.045648 5.064772
-4.189622 4.399475
-4.546148 4.390890
-4.433363 4.324106
-4.650558 4.631948
-4.612719 4.645143
-4.681407 4.807571
-4.373297 4.348742
-4.324468 4.481337
-4.499332 4.647883
-4.675967 4.611054
-4.484400 4.443281
-5.267311 4.930504
-4.670491 4.584969
-5.089077 4.994354
-2.703437 2.743363
-5.008390 4.891437
-4.980228 4.993093
-4.594413 4.581131
-4.760683 4.650594
-4.730479 4.771104
-4.494957 4.611383
-4.501329 4.550043
-4.941240 4.874544
-4.429022 4.487114
-4.970095 4.974191
-4.832302 4.844303
-4.196135 4.265486
-3.777672 4.074335
-4.906416 4.214491
-4.295074 4.138178
-4.457416 4.451723
-4.279539 4.361858
-4.125975 4.086043
-4.782827 4.694318
-4.871841 4.710801
-4.482937 4.418909
-4.193917 4.337855
-4.725019 4.627335
-4.637285 4.552627
-5.497889 5.257461
-4.476297 4.176616
-5.089676 5.197622
-4.715740 4.467847
-5.157985 5.093891
-4.722025 4.703321
-3.977736 4.011367
-4.862956 4.958330
-4.429205 4.404909
-4.443991 4.457954
-5.024509 4.904754
-4.580303 4.641323
-4.268122 4.392712
-4.634479 4.321329
-4.212078 4.094096
-1.689857 1.714180
-4.800952 4.987757
-4.486231 4.659090
-4.147808 4.268606
-4.152424 3.981541
-4.571117 4.526256
-4.572778 4.459918
-4.114569 3.962572
-4.470581 4.570292
-4.778749 4.959344
-4.748728 4.664811
-4.725905 4.660980
-4.528262 4.664070
-4.553087 4.540003
-4.845670 5.001914
-4.355969 4.218239
-4.899233 4.704831
-4.400980 4.300723
-4.610158 4.461955
-4.770356 4.516835
-5.373833 5.395856
-4.908475 4.756726
-5.044188 5.043387
-4.522278 4.479109
-4.866697 5.110996
-4.314534 4.121655
-5.436178 5.456462
-4.225161 4.154262
-4.341930 4.483949
-3.854434 4.239596
-4.230415 4.111959
-4.121293 4.131140
-4.682852 4.350669
-4.027677 3.853485
-4.335692 4.246305
-4.594724 4.409184
-4.847863 4.892661
-4.378493 4.388288
-4.432858 4.655430
-4.528572 4.429723
-4.237363 3.753996
-4.964902 5.023518
-5.045780 5.061438
-4.264596 4.270178
-4.607666 4.701779
-4.898500 4.759966
-4.084930 4.123809
-4.805847 4.661776
3.716903 -5.243404
2.775614 -3.652925
2.549737 -3.613715
2.699589 -3.341438
4.379592 -5.612294
0.955629 -1.289485
2.938712 -4.082103
2.479513 -3.019859
2.390652 -3.628490
3.388372 -4.322627
