0.000202 0.999798
0.000166 0.999834
0.001504 0.998496
0.000131 0.999869
0.001983 0.998017
0.000210 0.999790
0.000403 0.999597
0.000451 0.999549
0.000145 0.999855
0.000686 0.999314
0.000464 0.999536
0.000108 0.999892
0.001889 0.998111
0.000524 0.999476
0.000729 0.999271
0.000045 0.999955
0.003383 0.996617
0.000056 0.999944
0.000156 0.999844
0.006891 0.993109
0.000482 0.999518
0.000007 0.999993
0.000198 0.999802
0.005789 0.994211
0.000220 0.999780
0.002602 0.997398
0.001723 0.998277
0.000127 0.999873
0.000735 0.999265
0.005123 0.994877
0.007589 0.992411
0.000244 0.999756
0.000206 0.999794
0.000263 0.999737
0.013864 0.986136
0.000908 0.999092
0.000057 0.999943
0.001655 0.998345
0.001529 0.998471
0.002567 0.997433
0.000563 0.999437
0.000488 0.999512
0.003574 0.996426
0.000742 0.999258
0.002064 0.997936
0.000368 0.999632
0.007974 0.992026
0.004788 0.995212
0.000327 0.999673
0.002792 0.997208
0.000704 0.999296
0.000538 0.999462
0.000063 0.999937
0.002449 0.997551
0.000491 0.999509
0.000889 0.999111
0.498291 0.501709
0.000118 0.999882
0.006840 0.993160
0.006518 0.993482
0.009591 0.990409
0.000109 0.999891
0.001220 0.998780
0.039181 0.960819
0.000935 0.999065
0.000410 0.999590
0.000795 0.999205
0.003062 0.996938
0.003323 0.996677
0.001969 0.998031
0.000179 0.999821
0.000009 0.999991
0.000484 0.999516
0.001115 0.998885
0.000177 0.999823
0.000028 0.999972
0.000102 0.999898
0.000424 0.999576
0.000262 0.999738
0.000141 0.999859
0.000401 0.999599
0.004954 0.995046
0.000063 0.999937
0.004155 0.995845
0.001655 0.998345
0.023839 0.976161
0.000039 0.999961
0.002288 0.997712
0.000574 0.999426
0.001004 0.998996
0.000279 0.999721
0.000642 0.999358
0.001189 0.998811
0.003373 0.996627
0.000338 0.999662
0.000780 0.999220
0.000860 0.999140
0.000099 0.999901
0.000486 0.999514
0.001634 0.998366
0.000394 0.999606
0.001221 0.998779
0.010085 0.989915
0.000295 0.999705
0.998510 0.001490
0.901136 0.098864
0.994751 0.005249
0.760060 0.239940
0.999419 0.000581
0.943322 0.056678
0.987482 0.012518
0.908258 0.091742
0.976630 0.023370
0.969342 0.030658
