-3.264119 3.103868
-4.178830 4.020218
-3.867959 3.710243
-2.486680 2.342029
-3.435740 3.271979
-5.448627 5.258416
0.093275 -0.211150
-2.754450 2.604089
-4.024433 3.868802
-3.980031 3.820902
-3.145695 3.004550
-4.182880 4.026995
-2.648943 2.506660
-5.309231 5.118731
-3.902118 3.745339
-2.037946 1.903700
-4.887485 4.706652
-3.888437 3.724725
-4.991674 4.814797
-3.261482 3.101013
-4.537588 4.362633
-2.449619 2.299455
-2.154249 2.022858
-4.218000 4.058670
-2.743774 2.613421
-2.079404 1.941830
-3.691078 3.542254
-1.641956 1.515209
-3.566570 3.406564
-4.966433 4.772199
-2.819602 2.677294
-4.978052 4.804369
-3.654953 3.500242
-3.015924 2.871981
-2.650367 2.512752
-3.300629 3.155345
-2.728322 2.581123
-2.436985 2.289469
-3.732424 3.580113
-2.541462 2.402104
-3.443206 3.300822
-3.807879 3.663435
-3.239637 3.099834
-3.616238 3.460669
-2.748081 2.604220
-2.127086 1.981490
-2.700984 2.557054
-3.014967 2.868119
-3.136292 2.994130
-4.423512 4.253980
-3.444277 3.294590
-3.911010 3.751864
-4.538761 4.375244
-3.241513 3.083956
-4.161083 4.005883
-3.550232 3.400624
1.028787 -1.152476
-3.550085 3.391853
-3.789836 3.625252
-5.147983 4.966863
-3.456758 3.306904
-2.947010 2.805505
-3.263472 3.116184
-3.910416 3.739215
-4.236753 4.072580
-2.683325 2.535519
-3.013032 2.869519
-3.515702 3.361767
-4.854838 4.674801
-3.569491 3.400369
-5.085098 4.915905
-2.303053 2.155811
-4.280408 4.123980
-2.750579 2.614345
-0.772066 0.648090
-3.724792 3.582094
-3.243968 3.087761
-3.871090 3.703446
-3.760045 3.612827
-3.758194 3.606000
-4.783738 4.600521
-4.017893 3.857881
-1.587211 1.439474
-3.190729 3.037680
-2.454287 2.325714
-3.966883 3.813570
-3.231308 3.082834
-2.177242 2.035633
-2.289259 2.155008
-3.903829 3.742910
-3.368988 3.215731
-4.196954 4.034435
-3.461587 3.305388
-4.656572 4.488127
-4.159109 3.993464
-1.861294 1.722330
-3.593217 3.441478
-3.851804 3.695739
-4.398989 4.220598
-3.088634 2.943036
-2.057011 1.920503
-3.605259 3.461162
-3.694632 3.536878
-4.179989 4.012267
1.941426 -2.057237
1.436851 -1.560020
1.673141 -1.792843
0.973256 -1.092380
4.369530 -4.505018
8.129814 -8.448064
-0.242958 0.110258
2.121206 -2.239650
2.327427 -2.456126
-0.236967 0.129068
