0.001193 0.998807
0.000088 0.999912
0.000116 0.999884
0.000403 0.999597
0.000598 0.999402
0.000684 0.999316
0.000187 0.999813
0.000320 0.999680
0.000463 0.999537
0.007327 0.992673
0.000043 0.999957
0.001100 0.998900
0.002056 0.997944
0.000190 0.999810
0.000277 0.999723
0.000130 0.999870
0.001662 0.998338
0.000203 0.999797
0.002019 0.997981
0.000046 0.999954
0.001946 0.998054
0.027498 0.972502
0.000288 0.999712
0.000247 0.999753
0.000119 0.999881
0.000903 0.999097
0.000598 0.999402
0.000036 0.999964
0.001030 0.998970
0.000671 0.999329
0.000435 0.999565
0.000149 0.999851
0.003332 0.996668
0.000052 0.999948
0.000924 0.999076
0.000267 0.999733
0.006774 0.993226
0.001864 0.998136
0.002621 0.997379
0.000105 0.999895
0.000080 0.999920
0.001457 0.998543
0.002137 0.997863
0.000176 0.999824
0.005154 0.994846
0.001032 0.998968
0.000570 0.999430
0.000140 0.999860
0.000037 0.999963
0.006890 0.993110
0.000660 0.999340
0.001186 0.998814
0.000034 0.999966
0.000848 0.999152
0.000554 0.999446
0.000123 0.999877
0.000301 0.999699
0.000246 0.999754
0.000949 0.999051
0.000750 0.999250
0.008642 0.991358
0.000266 0.999734
0.000187 0.999813
0.000176 0.999824
0.000216 0.999784
0.000279 0.999721
0.000016 0.999984
0.001910 0.998090
0.000141 0.999859
0.000560 0.999440
0.000051 0.999949
0.006252 0.993748
0.000017 0.999983
0.011108 0.988892
0.000715 0.999285
0.000690 0.999310
0.001108 0.998892
0.005864 0.994136
0.002248 0.997752
0.035115 0.964885
0.000974 0.999026
0.000192 0.999808
0.000007 0.999993
0.000745 0.999255
0.003982 0.996018
0.003113 0.996887
0.001451 0.998549
0.000354 0.999646
0.000065 0.999935
0.004427 0.995573
0.000067 0.999933
0.001139 0.998861
0.003067 0.996933
0.054450 0.945550
0.001876 0.998124
0.000212 0.999788
0.000520 0.999480
0.000185 0.999815
0.000361 0.999639
0.000713 0.999287
0.001300 0.998700
0.000051 0.999949
0.000010 0.999990
0.000464 0.999536
0.995466 0.004534
0.985730 0.014270
0.998804 0.001196
0.999110 0.000890
0.885599 0.114401
0.990608 0.009392
0.998796 0.001204
0.977405 0.022595
0.314740 0.685260
0.976353 0.023647
