-3.053102 2.982768
-4.153035 4.054074
-4.895032 4.774609
-5.024551 4.898891
-3.764830 3.675083
-3.851928 3.758310
-2.014260 1.974131
-4.559329 4.447288
-4.158509 4.058456
-4.207297 4.105706
-3.593241 3.507334
-4.020634 3.924176
-3.760501 3.671831
-1.531363 1.505577
-3.427822 3.347419
-3.571910 3.486880
-4.476896 4.367149
-3.537384 3.454120
-4.173767 4.074703
-3.340415 3.262089
-2.038615 1.998132
-3.264004 3.189268
-3.452445 3.371583
-4.215391 4.111759
-3.919017 3.823521
-3.643324 3.557576
-3.189190 3.116705
-2.729534 2.668733
-2.760424 2.699442
-3.801966 3.710563
-4.248543 4.145018
-4.712534 4.596441
-4.332139 4.227190
-3.237170 3.161814
-4.205204 4.103240
-3.766019 3.673876
-4.095634 3.998874
-2.437630 2.384094
-3.751641 3.662519
-5.524704 5.384673
-2.373802 2.323271
-3.702289 3.613755
-3.996081 3.900086
-3.391531 3.312322
-4.721685 4.605062
-4.962525 4.841884
-3.179092 3.105820
-5.327982 5.194433
-3.722579 3.635402
-3.885001 3.791181
-4.754088 4.634425
-2.856753 2.792595
-3.686497 3.598133
-5.071029 4.943216
-0.207513 0.222083
-3.830637 3.738939
-3.184283 3.110943
-2.012697 1.975034
-3.302066 3.226179
-4.380812 4.273295
-2.690923 2.632412
-4.036543 3.937431
-6.175187 6.018383
-4.707344 4.592010
-4.501024 4.390718
-5.272138 5.141918
-4.901493 4.779030
-3.154067 3.082174
-3.896383 3.803272
-3.336084 3.257993
-3.861993 3.769300
-4.414906 4.306594
-4.007864 3.910887
-4.553549 4.440192
-3.903509 3.809959
-4.561180 4.449851
-5.397787 5.262962
-4.142667 4.042006
-2.390211 2.342299
-3.546639 3.464645
-3.807126 3.716266
-4.073690 3.974646
-4.712241 4.596059
-5.426717 5.289422
-4.389014 4.282485
-4.331874 4.225728
-3.280264 3.204597
-4.679132 4.562314
-2.690818 2.630059
-3.457198 3.375108
-3.520166 3.440828
-3.909565 3.814848
-3.161842 3.089439
-4.187658 4.086303
-4.343783 4.237093
-4.450234 4.339365
-5.165725 5.035086
-4.104904 4.006232
-4.137314 4.037272
-4.217360 4.112834
-4.686698 4.570014
-4.944333 4.819412
-2.794525 2.732427
-1.418187 1.396720
1.051037 -1.001262
4.117745 -3.968814
0.221027 -0.197256
2.779211 -2.673606
3.904955 -3.762918
3.319938 -3.195884
0.689003 -0.650253
3.752591 -3.614132
1.761450 -1.688665
0.946108 -0.899079
