-2.111298 2.067418
-3.435323 3.428566
-4.158569 4.159875
-4.011127 4.015509
-2.984656 2.968862
-3.941623 3.937314
-3.950075 3.949283
-3.506476 3.501909
-2.713506 2.676451
-4.218860 4.227293
-3.493251 3.476597
-3.068825 3.051575
-3.439708 3.435176
-2.550557 2.523988
-3.862648 3.858118
-4.188437 4.188755
1.082140 -1.217826
-4.342611 4.357493
-4.231637 4.240012
-1.795376 1.741579
-2.796395 2.776988
-2.769271 2.748087
-2.172047 2.129815
-4.301454 4.297075
-4.427335 4.430268
-2.861333 2.833830
-3.820443 3.814739
-3.801372 3.805490
-2.548678 2.516364
-3.137224 3.115223
-2.565557 2.517032
-4.435838 4.450321
-3.489950 3.484480
-3.974499 3.975384
-3.570979 3.569876
-2.144481 2.105063
-2.921003 2.901214
-3.959198 3.957397
-5.254377 5.266938
-1.429506 1.360700
-4.131437 4.134190
-3.052395 3.027781
-3.309794 3.291248
-1.178156 1.110986
-3.532388 3.527566
-4.009424 4.011422
3.935302 -4.167328
-3.461782 3.442873
-3.708705 3.709814
-3.583805 3.575514
-0.206225 0.113159
-2.981249 2.956605
-3.669106 3.666390
-3.644617 3.643763
-3.615410 3.614204
-3.368078 3.357153
-2.979900 2.965607
-4.224712 4.226477
-4.033729 4.031702
-3.471327 3.464565
-2.794348 2.772161
-3.534524 3.513975
-3.122505 3.088701
-2.369550 2.329962
-3.389748 3.372681
-3.266266 3.257842
-3.584686 3.578569
-3.565026 3.559316
-4.644536 4.650549
-3.688619 3.681611
-3.214014 3.200619
-3.684598 3.663420
-3.171074 3.149494
-2.592500 2.568099
-3.708835 3.699719
-2.008560 1.965070
-3.948456 3.935828
-2.950723 2.933357
-3.772896 3.777472
-2.904207 2.858504
-4.333283 4.342323
-2.920822 2.896358
-3.232017 3.211905
-3.760447 3.748237
-3.987683 3.983491
-4.018981 4.023089
-3.509390 3.500924
-3.672705 3.670441
-3.453716 3.436814
-3.435864 3.420851
-3.648139 3.643890
-4.073588 4.079287
-4.635149 4.649220
-4.264669 4.256636
-2.167536 2.129501
-2.875342 2.851541
-2.621161 2.587911
-4.038112 4.034621
-2.099082 2.052273
-3.858944 3.857866
-3.436827 3.434250
-3.147831 3.120831
-4.021043 4.001801
-2.839107 2.823496
1.585245 -1.728260
1.928823 -2.097117
1.568462 -1.716347
4.415147 -4.677407
4.669486 -4.958158
1.466638 -1.614656
4.836927 -5.125054
2.678447 -2.888997
1.636749 -1.791242
4.494680 -4.765033
