-5.653405 5.519709
-5.223856 5.101938
-4.584996 4.483637
-3.928286 3.843304
-5.337049 5.211977
-5.666513 5.533547
-3.946664 3.863264
-5.328165 5.206194
-3.595654 3.523046
-3.649861 3.574422
-5.354116 5.230776
-3.316932 3.251050
-4.428435 4.331487
-6.145679 5.998145
-4.903390 4.791504
-3.922985 3.838393
-3.999639 3.913087
-4.783699 4.673938
-4.901498 4.786784
-5.941849 5.804285
-3.403930 3.334718
-4.048053 3.959364
-5.461004 5.334288
-4.837098 4.726212
-4.464013 4.365722
-6.368630 6.216715
-3.714200 3.633595
-4.145314 4.053704
-5.111664 4.994162
-5.375583 5.251700
-4.635857 4.528542
-4.013346 3.924544
-4.454177 4.359531
-4.990878 4.881755
-4.554602 4.455676
-3.757344 3.675568
-4.436567 4.343579
-4.559245 4.454443
-5.443059 5.317042
-5.198960 5.080004
-5.426183 5.300698
-5.230517 5.111808
-4.886927 4.774827
-3.817223 3.733332
-5.149082 5.030886
-3.825052 3.743637
-5.608954 5.479244
-3.435858 3.362453
-5.196881 5.076452
-1.791600 1.768699
-6.516589 6.360155
-5.962981 5.824697
-5.530169 5.401326
-4.599371 4.494221
-3.522108 3.449696
-3.443003 3.372243
-2.612760 2.561436
-2.535226 2.487552
-3.551607 3.477302
-5.949629 5.809474
-2.277535 2.238045
-5.264531 5.144835
-5.732630 5.598310
-5.264600 5.142388
-2.325998 2.282399
-5.509284 5.383443
-6.425073 6.272440
-3.754221 3.672830
-3.506390 3.434225
-5.517599 5.392470
-5.575533 5.443362
-3.861395 3.781773
-5.725516 5.591981
-4.628601 4.522964
-4.776546 4.671052
-4.791130 4.683239
-3.255988 3.189086
-3.415994 3.345340
-2.723730 2.671954
-4.845210 4.733591
-5.754408 5.627028
-4.541918 4.437906
-6.270210 6.121037
-4.596344 4.493353
-5.608447 5.477696
-5.691730 5.560243
-6.232121 6.083417
-4.110232 4.019026
-5.395087 5.267097
-4.594400 4.490222
-5.494246 5.365255
-4.090102 3.999652
-5.456675 5.329038
-4.685641 4.581121
-4.474717 4.376363
-4.522168 4.424323
-5.759208 5.621457
-3.841669 3.759177
-4.538128 4.437246
-4.594980 4.488551
-5.046216 4.931728
-6.096302 5.953253
-6.742773 6.581240
3.446612 -3.315239
0.485657 -0.448492
1.832110 -1.753770
-0.082210 0.105575
1.661048 -1.580800
-1.033031 1.027907
1.912941 -1.825405
1.173843 -1.107277
2.623168 -2.519167
1.612574 -1.537238
