0.000083 0.999917
0.000877 0.999123
0.001453 0.998547
0.002084 0.997916
0.000197 0.999803
0.000889 0.999111
0.001103 0.998897
0.000176 0.999824
0.000613 0.999387
0.050403 0.949597
0.000293 0.999707
0.007542 0.992458
0.000317 0.999683
0.000788 0.999212
0.000481 0.999519
0.001274 0.998726
0.002844 0.997156
0.000132 0.999868
0.001097 0.998903
0.000507 0.999493
0.001690 0.998310
0.000883 0.999117
0.000336 0.999664
0.000049 0.999951
0.002026 0.997974
0.000223 0.999777
0.000589 0.999411
0.000679 0.999321
0.000184 0.999816
0.000084 0.999916
0.000274 0.999726
0.000402 0.999598
0.001171 0.998829
0.002421 0.997579
0.000013 0.999987
0.000283 0.999717
0.000735 0.999265
0.001697 0.998303
0.000016 0.999984
0.000633 0.999367
0.000498 0.999502
0.000669 0.999331
0.000666 0.999334
0.000766 0.999234
0.000650 0.999350
0.000446 0.999554
0.002769 0.997231
0.006940 0.993060
0.000410 0.999590
0.005858 0.994142
0.000018 0.999982
0.000008 0.999992
0.000508 0.999492
0.000577 0.999423
0.006036 0.993964
0.000441 0.999559
0.008037 0.991963
0.043468 0.956532
0.002402 0.997598
0.000115 0.999885
0.020648 0.979352
0.000219 0.999781
0.000057 0.999943
0.000701 0.999299
0.014109 0.985891
0.002089 0.997911
0.000146 0.999854
0.000622 0.999378
0.001437 0.998563
0.000469 0.999531
0.000044 0.999956
0.000306 0.999694
0.001458 0.998542
0.000249 0.999751
0.000929 0.999071
0.000083 0.999917
0.001665 0.998335
0.004824 0.995176
0.003520 0.996480
0.000271 0.999729
0.000133 0.999867
0.000746 0.999254
0.000271 0.999729
0.001210 0.998790
0.000164 0.999836
0.000284 0.999716
0.000063 0.999937
0.001186 0.998814
0.000049 0.999951
0.000246 0.999754
0.000145 0.999855
0.000522 0.999478
0.000431 0.999569
0.000159 0.999841
0.008705 0.991295
0.000340 0.999660
0.000051 0.999949
0.002218 0.997782
0.000082 0.999918
0.000494 0.999506
0.000159 0.999841
0.000124 0.999876
0.000047 0.999953
0.999334 0.000666
0.850183 0.149817
0.996664 0.003336
0.769822 0.230178
0.964076 0.035924
0.574157 0.425843
0.951942 0.048058
0.862048 0.137952
0.995752 0.004248
0.966338 0.033662
