0.002442 0.997558
0.000108 0.999892
0.000078 0.999922
0.000045 0.999955
0.000675 0.999325
0.000095 0.999905
0.000204 0.999796
0.000099 0.999901
0.001040 0.998960
0.000032 0.999968
0.000049 0.999951
0.000279 0.999721
0.000275 0.999725
0.001968 0.998032
0.000200 0.999800
0.000034 0.999966
0.952752 0.047248
0.000007 0.999993
0.000001 0.999999
0.006281 0.993719
0.000573 0.999427
0.002119 0.997881
0.004426 0.995574
0.000055 0.999945
0.000007 0.999993
0.000058 0.999942
0.000150 0.999850
0.000120 0.999880
0.000562 0.999438
0.001718 0.998282
0.001303 0.998697
0.000038 0.999962
0.000140 0.999860
0.000021 0.999979
0.000068 0.999932
0.006943 0.993057
0.001265 0.998735
0.000559 0.999441
0.000004 0.999996
0.006930 0.993070
0.000029 0.999971
0.000950 0.999050
0.000205 0.999795
0.019608 0.980392
0.000050 0.999950
0.000162 0.999838
1.000000 0.000000
0.000134 0.999866
0.000171 0.999829
0.000060 0.999940
0.148636 0.851364
0.001067 0.998933
0.000051 0.999949
0.000232 0.999768
0.000032 0.999968
0.000040 0.999960
0.000397 0.999603
0.000016 0.999984
0.000218 0.999782
0.000122 0.999878
0.000856 0.999144
0.000818 0.999182
0.000027 0.999973
0.050588 0.949412
0.000404 0.999596
0.000153 0.999847
0.000098 0.999902
0.000446 0.999554
0.000041 0.999959
0.000114 0.999886
0.000260 0.999740
0.000403 0.999597
0.000027 0.999973
0.001805 0.998195
0.000061 0.999939
0.001940 0.998060
0.000028 0.999972
0.000121 0.999879
0.000078 0.999922
0.007365 0.992635
0.000065 0.999935
0.002100 0.997900
0.000024 0.999976
0.000091 0.999909
0.000100 0.999900
0.000066 0.999934
0.001434 0.998566
0.000190 0.999810
0.000025 0.999975
0.000020 0.999980
0.000050 0.999950
0.000030 0.999970
0.000020 0.999980
0.000028 0.999972
0.012562 0.987438
0.000410 0.999590
0.000257 0.999743
0.000162 0.999838
0.011179 0.988821
0.000039 0.999961
0.000163 0.999837
0.000156 0.999844
0.005637 0.994363
0.000433 0.999567
0.979614 0.020386
0.989879 0.010121
0.985340 0.014660
0.999958 0.000042
0.999943 0.000057
0.985004 0.014996
0.999955 0.000045
0.986049 0.013951
0.993763 0.006237
0.999909 0.000091
