-3.255194 3.272069
-4.016810 4.027695
-3.223025 3.236369
-5.195455 5.198827
-3.704384 3.714343
-3.939175 3.948896
-3.720718 3.730695
-2.814265 2.827434
-3.608338 3.618878
-3.200890 3.214567
-2.153059 2.172809
-2.349997 2.368679
-2.312133 2.326380
-4.820758 4.826221
-3.567874 3.577056
-1.838598 1.859882
-3.225992 3.238798
-3.673327 3.683406
-5.246843 5.252499
-3.852211 3.859205
-4.594547 4.599388
-3.448884 3.459407
-4.107357 4.113254
-3.820998 3.829389
-2.935245 2.949318
-4.353471 4.362293
-3.435953 3.450564
-4.760468 4.765872
-4.562335 4.566014
-3.863951 3.876697
-4.472313 4.479993
-3.838254 3.847086
-3.672603 3.682181
-3.055814 3.068640
-3.321414 3.332772
-3.501597 3.511734
-3.789027 3.799877
-4.493708 4.500654
-4.059314 4.065548
-3.624388 3.633162
-0.875632 0.906014
-4.738143 4.746258
-3.321906 3.331401
-3.009672 3.020042
-3.959154 3.969535
-3.584159 3.592119
-3.788311 3.799250
-4.393097 4.401659
-4.421775 4.434638
-3.443522 3.457488
-0.257200 0.288493
-3.026724 3.041732
-2.493787 2.513956
-4.083865 4.091221
-3.701872 3.711063
-4.010398 4.017508
-4.130340 4.141371
-4.017954 4.023661
-3.405107 3.414217
-3.578205 3.593726
-3.610377 3.619079
-3.900924 3.910453
-0.540281 0.570402
-3.214302 3.224467
-3.474886 3.484827
-3.643654 3.651509
-4.257654 4.265219
-1.865130 1.887777
-3.708978 3.716156
-4.432844 4.437827
-2.009825 2.033259
-3.088636 3.100833
-4.194697 4.204929
-4.062321 4.073482
-2.829398 2.843272
-1.821755 1.843622
-2.743086 2.757588
-2.956353 2.972945
-3.396415 3.407094
-3.555481 3.566054
-3.709829 3.720618
-3.255674 3.267865
-4.093765 4.103024
-2.643061 2.659511
-4.155957 4.164662
-1.845791 1.867353
-3.684636 3.692681
-4.954113 4.958457
-2.986747 2.998036
-3.165067 3.179958
-4.174410 4.182971
-2.954205 2.969817
-4.312404 4.324700
-2.936808 2.953295
-4.684892 4.690077
-3.478117 3.489958
-3.814411 3.822046
-3.742510 3.752301
-2.717625 2.736910
-3.446210 3.455811
-3.708117 3.720346
-2.784718 2.799566
-4.226964 4.234825
-4.188637 4.202141
1.615938 -1.565154
2.591800 -2.535880
2.937369 -2.870229
4.673316 -4.587068
1.839673 -1.784574
2.059417 -2.000180
2.310699 -2.252446
1.427130 -1.373842
1.944469 -1.886920
2.488331 -2.431490
