-4.113883 4.461076
-4.440759 4.411412
-2.378366 3.310710
-4.192149 4.618860
-4.527155 4.846037
-4.644150 4.427843
-4.727032 4.544303
-4.397690 4.495652
-4.614642 4.755910
-3.990298 3.690789
-4.223109 4.158333
-3.903325 4.063022
-3.949111 4.158793
-3.981834 4.200871
-4.044413 4.264605
-3.706734 3.569938
-4.281229 4.439188
-4.267349 4.379426
-6.278039 5.618041
-3.852892 3.883446
-4.708304 5.004065
-4.285962 4.448232
-4.416611 4.678579
-4.438681 4.805390
-4.379076 4.649466
-4.359123 4.460142
-4.380665 4.452213
-4.298244 4.563566
-4.411276 4.710439
-3.111548 3.650772
-4.595802 4.923152
-4.543762 4.739740
-3.692127 3.872506
-4.037195 4.014540
-4.196587 4.457783
-4.474885 4.615038
-4.654217 5.017990
-4.125214 3.848335
-4.453812 4.512049
-3.749506 3.634995
-3.823428 3.913967
-4.190495 4.341610
-4.049341 4.263202
-4.508360 4.782688
-4.340336 4.219397
-4.224529 4.528546
-4.164225 4.614282
-4.426436 4.558372
-3.177273 3.356638
-4.239799 4.081468
-1.189621 0.993955
-4.739400 4.814484
-4.222375 4.236920
-4.352336 4.468949
-4.456065 4.653543
-4.371551 4.506507
-4.265000 4.577914
-4.166811 4.472433
-3.816057 4.082906
-4.402380 4.851139
-4.062489 4.326880
-4.291976 4.292185
-2.062029 1.911612
-3.464427 3.600450
-4.271757 4.407168
-4.327044 4.897377
-4.237869 4.745808
-4.032187 3.969604
-4.084402 4.479082
-3.983348 3.977829
-3.399376 3.503829
-4.302011 4.382241
-3.341536 3.513585
-4.380948 4.635774
-4.026575 4.292901
-3.897794 4.103982
-4.244761 4.424522
-4.980388 5.013452
-4.358417 4.639725
-4.257716 4.345957
-5.122625 5.367484
-3.914928 4.053914
-4.534534 4.488250
-4.252087 4.444792
-4.778790 5.050916
-3.311210 3.451800
-4.150427 4.389385
-4.700706 4.724595
-4.027724 4.390435
-4.800056 4.922554
-4.701888 4.900233
-4.405735 4.694440
-3.397742 3.957230
-4.289207 4.663950
-4.256967 4.388941
-4.619948 4.746841
-4.426571 4.539717
-4.073199 4.129277
-3.780063 4.162406
-4.480412 4.434511
-4.460455 4.636447
-4.348904 4.382901
-4.486676 4.736963
-3.747850 4.242566
3.460863 -2.948752
4.071496 -4.188846
4.386746 -4.330988
4.441518 -4.399354
3.677778 -3.611172
4.199249 -3.958232
3.701318 -3.682786
2.875824 -2.726803
3.297935 -3.418059
4.517757 -4.385717
