-3.619324 3.537493
-4.700300 4.642344
-4.653401 4.584175
-2.984837 2.891174
-4.082982 3.991612
-5.717633 5.668411
-0.111302 -0.012366
-3.419760 3.327044
-4.857650 4.797465
-4.694605 4.632546
-3.916408 3.847068
-4.698451 4.648006
-3.363337 3.274338
-5.776602 5.721560
-4.512769 4.452811
-2.689930 2.595392
-5.526767 5.463982
-4.606542 4.531839
-5.604455 5.556202
-3.647781 3.568207
-5.247892 5.182106
-3.154522 3.051126
-2.656704 2.572769
-4.945936 4.890516
-3.304111 3.235603
-2.662371 2.576119
-4.511301 4.449656
-2.168877 2.071532
-4.145619 4.068566
-5.391391 5.313764
-3.327843 3.247451
-5.637634 5.590302
-4.374384 4.304539
-3.767002 3.687969
-3.250993 3.171461
-3.976362 3.908576
-3.415135 3.321523
-2.999308 2.900375
-4.395397 4.327712
-2.983034 2.897423
-4.143611 4.082781
-4.481490 4.433156
-3.887205 3.824032
-4.307172 4.234301
-3.241892 3.154890
-2.706650 2.601550
-3.299864 3.211673
-3.689919 3.609056
-3.747492 3.677699
-5.072906 5.013388
-4.086944 4.017558
-4.465670 4.401146
-5.143282 5.096469
-3.772264 3.684337
-4.956124 4.904297
-4.348953 4.282593
0.909940 -1.059806
-4.172174 4.094987
-4.347177 4.273849
-5.530562 5.481883
-4.047812 3.976507
-3.496944 3.423524
-3.897419 3.825117
-4.280062 4.200143
-4.811641 4.746630
-3.277986 3.187520
-3.787134 3.706797
-4.141577 4.070058
-5.172905 5.108893
-4.079544 3.998691
-5.918749 5.878959
-2.838332 2.737585
-5.039921 4.991972
-3.408710 3.334121
-1.245284 1.144492
-4.503639 4.448324
-3.825150 3.743446
-4.380177 4.301377
-4.741030 4.687946
-4.544182 4.479562
-5.096289 5.030250
-4.725479 4.660559
-2.102677 1.983158
-3.904731 3.822503
-3.099622 3.022458
-4.681427 4.624915
-3.904307 3.829545
-2.694282 2.593545
-2.895229 2.808677
-4.641717 4.571800
-4.126365 4.051559
-4.835522 4.776056
-4.132955 4.054418
-5.510385 5.457166
-4.904185 4.836947
-2.309919 2.208892
-4.209383 4.143379
-4.573442 4.511532
-4.555785 4.483007
-3.667200 3.588824
-2.526605 2.430330
-4.449091 4.391574
-4.136763 4.069536
-4.835111 4.764615
1.912987 -2.076039
1.350331 -1.510454
1.809718 -1.971271
0.920855 -1.067266
2.557159 -2.782450
3.689620 -4.043139
-0.659892 0.522779
1.993252 -2.163400
2.064881 -2.246655
-0.041623 -0.064083
