-4.358562 4.159759
-5.782241 5.565490
-4.364115 4.181330
-6.041656 5.825410
-4.857937 4.670085
-5.212087 5.013146
-4.805874 4.619153
-3.788061 3.626337
-4.386337 4.209938
-4.312095 4.129455
-3.191303 3.023405
-2.931552 2.775905
-2.731896 2.600299
-5.858664 5.644094
-4.144496 3.979502
-2.516692 2.363332
-4.279294 4.101271
-4.784444 4.597482
-5.600920 5.396339
-4.748710 4.571674
-5.661014 5.455256
-4.233069 4.065600
-5.112858 4.925786
-4.569911 4.395144
-3.846364 3.681167
-5.302859 5.101102
-4.211613 4.022438
-5.988043 5.770901
-5.121444 4.934264
-5.173273 4.966123
-5.400625 5.198712
-4.840424 4.655619
-4.715929 4.533875
-3.731395 3.565514
-4.213041 4.042122
-4.716969 4.532137
-4.838692 4.648313
-5.811316 5.599290
-4.565319 4.393837
-4.693608 4.515813
-1.335793 1.188745
-5.967434 5.747002
-4.361879 4.193755
-3.485978 3.341686
-5.360816 5.155430
-4.096067 3.932901
-4.541577 4.358469
-5.500797 5.292864
-5.694079 5.469275
-4.748908 4.551661
-0.442316 0.320567
-3.953384 3.777757
-3.653930 3.473848
-5.218882 5.025808
-4.754547 4.572724
-4.985606 4.799671
-5.691089 5.477304
-5.047696 4.863431
-4.355967 4.187263
-4.720194 4.517728
-4.789025 4.607159
-5.224296 5.026196
-1.071086 0.940293
-4.082396 3.921851
-4.282735 4.109640
-4.797100 4.617023
-5.782283 5.569234
-2.626085 2.468354
-4.636543 4.463592
-5.203307 5.013166
-2.530253 2.372552
-3.989731 3.824075
-5.829226 5.611362
-4.641574 4.456419
-3.441661 3.285711
-2.260185 2.118219
-3.327905 3.168555
-3.970632 3.792263
-4.101388 3.935036
-4.400362 4.225509
-4.357024 4.180912
-4.576349 4.395172
-5.012005 4.817363
-3.257231 3.096519
-5.198531 5.001042
-2.687868 2.533082
-4.660409 4.483290
-5.784915 5.578534
-3.879031 3.721412
-4.113783 3.934852
-5.591904 5.384327
-3.987505 3.808341
-5.842847 5.617709
-3.911016 3.735126
-5.817403 5.606554
-4.568266 4.383527
-4.793869 4.613167
-4.976614 4.785824
-3.593724 3.418537
-4.515335 4.341912
-4.949306 4.750136
-3.647640 3.487017
-4.860138 4.675210
-5.548419 5.329062
1.204304 -1.336442
2.198468 -2.307554
2.095592 -2.250114
3.654425 -3.798072
1.070251 -1.221621
1.291039 -1.452014
1.577967 -1.719733
0.528765 -0.693620
0.984984 -1.147657
2.211265 -2.330775
