-4.564351 4.171798
-5.010623 4.621280
-5.335436 4.919431
-3.281791 2.968853
-5.013682 4.595419
-6.770818 6.251688
-0.229564 0.050156
-3.886122 3.535782
-5.170118 4.770342
-5.173142 4.767933
-3.871488 3.547893
-5.598790 5.171310
-3.957054 3.615298
-6.609044 6.101388
-5.143019 4.737885
-2.930062 2.646055
-5.865208 5.407033
-5.160215 4.747082
-6.130865 5.659594
-4.905499 4.494830
-5.830013 5.374844
-3.378497 3.054950
-2.903382 2.625699
-5.559079 5.131611
-3.686265 3.382808
-3.171201 2.853436
-4.800075 4.424549
-2.658765 2.393808
-4.890201 4.489473
-7.089094 6.536742
-3.513683 3.202906
-6.486355 5.993443
-4.809812 4.424235
-4.141360 3.797716
-3.743348 3.425180
-4.289601 3.941080
-3.770861 3.437004
-3.137251 2.824598
-5.135211 4.734071
-3.435510 3.127450
-4.404642 4.059308
-4.889673 4.516658
-4.354462 4.006959
-4.657573 4.280732
-3.954215 3.608904
-2.809310 2.510720
-3.415602 3.102571
-4.066372 3.720719
-4.191603 3.850892
-5.703253 5.259002
-4.475058 4.111031
-5.062260 4.665004
-5.419988 5.006674
-4.118603 3.755288
-5.368526 4.957107
-4.772052 4.393203
0.605078 -0.777238
-4.651604 4.266529
-5.275642 4.844932
-6.207574 5.730536
-4.796512 4.414832
-4.121829 3.779959
-4.009566 3.672174
-5.195751 4.773623
-5.276852 4.864337
-3.642030 3.312104
-3.963378 3.634201
-4.769080 4.385459
-6.239554 5.759032
-5.019141 4.591950
-6.053699 5.596244
-3.435835 3.107380
-5.302102 4.897157
-4.015180 3.685595
-1.155672 0.942822
-4.812635 4.443207
-4.566667 4.181295
-5.247462 4.822921
-4.811130 4.439663
-4.638608 4.274115
-5.741632 5.289947
-5.273815 4.859177
-2.491221 2.193929
-4.076794 3.726762
-3.505182 3.204178
-4.944813 4.562908
-4.365472 4.003129
-2.949646 2.646115
-3.046127 2.759922
-5.134971 4.727994
-5.321738 4.860979
-5.384656 4.962138
-4.176236 3.823920
-5.596801 5.167264
-5.402342 4.980826
-2.262167 1.995647
-4.499883 4.135982
-5.028504 4.632146
-5.916407 5.445626
-4.100560 3.761077
-2.539748 2.268858
-4.811427 4.441775
-4.626116 4.252117
-5.839779 5.382137
1.200776 -1.349239
0.994911 -1.156642
0.940896 -1.105329
0.669120 -0.827658
2.953171 -3.073689
2.785078 -3.212437
-0.740402 0.518942
1.359660 -1.503822
1.917945 -2.067624
-0.779531 0.602053
