-4.263759 4.415134
-2.871402 2.975021
-4.842252 5.012446
-3.981685 4.122090
-3.912439 4.051162
-3.428384 3.550973
-3.359477 3.480438
-4.306045 4.460240
-3.144311 3.257589
-3.984980 4.125069
-2.976054 3.083449
-4.025250 4.167425
-3.034527 3.144291
-2.149940 2.230504
-1.881571 1.954267
-2.400764 2.490326
-3.180590 3.295044
-4.059601 4.202830
-3.173724 3.288260
-2.856637 2.960034
-4.110620 4.254578
-3.534736 3.661031
-3.649727 3.780127
-4.295247 4.447589
-2.302028 2.388173
-3.769468 3.903775
-3.790481 3.925626
-3.743123 3.875695
-3.685193 3.816339
-3.868417 4.006654
-3.356665 3.476512
-4.306751 4.458616
-3.270611 3.387898
-2.959306 3.068466
-3.716478 3.848604
-2.743791 2.843025
-2.971370 3.079394
-2.674635 2.772900
-2.958624 3.066064
-4.068027 4.211398
-3.408614 3.530390
-3.937505 4.076609
-4.063874 4.207973
-0.963216 1.007485
-3.863880 4.000574
-4.574642 4.736367
-3.867932 4.005085
-3.580658 3.707745
-3.083202 3.193251
-3.712162 3.846014
-3.203343 3.317447
-3.508015 3.633498
-5.413715 5.603159
-2.705827 2.805195
-3.891165 4.028787
-3.725306 3.857068
-3.951956 4.091700
-4.082880 4.226784
-3.511351 3.635934
-3.135880 3.248583
-3.485740 3.608956
-3.082197 3.192966
-3.202925 3.319197
-2.436540 2.526090
-2.100959 2.182897
-4.223424 4.371651
-3.489708 3.613777
-3.132592 3.245222
-2.446691 2.539139
-4.227191 4.376100
-2.227452 2.310843
-3.450106 3.574203
-1.910525 1.984992
-4.383743 4.539804
-4.215196 4.363142
-3.639520 3.768000
-3.130316 3.242837
-3.258114 3.374469
-3.579043 3.704973
-3.193424 3.307878
-3.856510 3.993435
-3.798638 3.933626
-4.673245 4.838990
-4.047352 4.190158
-3.547932 3.675105
-2.955345 3.063156
-3.053900 3.164881
-4.145910 4.290854
-5.356644 5.545276
-2.933395 3.040868
-3.541665 3.667044
-3.525254 3.651097
-3.787985 3.923263
-1.588404 1.651327
-3.478411 3.603213
-3.428569 3.551837
-2.427037 2.516926
-3.349503 3.469576
-0.965908 1.010045
-1.154060 1.204358
-3.271839 3.391839
-3.846021 3.983146
-3.580859 3.708486
-2.632441 2.728640
1.720007 -1.760553
2.301430 -2.359525
0.210897 -0.205459
1.132522 -1.155242
1.991863 -2.039335
2.284376 -2.340789
2.415923 -2.476985
2.127781 -2.180227
1.839526 -1.883381
