-5.006109 4.793058
-4.345916 4.143798
-3.632219 3.430183
-3.300543 3.106023
-4.457614 4.256359
-4.752405 4.540118
-3.770175 3.562696
-4.523556 4.304050
-3.586878 3.369095
-3.291703 3.084056
-4.328254 4.121338
-2.611658 2.412149
-3.580826 3.378809
-5.104863 4.892560
-4.143756 3.939177
-3.680024 3.482070
-3.172676 2.978832
-4.194406 3.995522
-4.475163 4.277297
-4.745846 4.520243
-3.038493 2.827373
-3.727848 3.533336
-4.331958 4.123372
-4.610744 4.406255
-4.365235 4.151120
-5.023639 4.803757
-3.536492 3.341395
-3.623167 3.424911
-4.510606 4.301697
-4.572883 4.358125
-4.209401 4.021326
-3.920597 3.722395
-3.883289 3.658655
-3.714838 3.489798
-3.913517 3.700812
-3.559897 3.368591
-3.453907 3.221258
-4.453992 4.254183
-4.794673 4.580307
-3.991832 3.789292
-4.501420 4.287958
-4.115961 3.901491
-4.579301 4.368172
-3.815371 3.617222
-4.292355 4.085504
-3.312850 3.113216
-5.011765 4.783939
-3.428442 3.241733
-4.394447 4.190796
-1.757365 1.548821
-5.687545 5.455423
-5.406443 5.168638
-4.456560 4.245342
-3.688037 3.502178
-2.829660 2.631219
-3.077116 2.877930
-2.241947 2.063396
-2.548886 2.360218
-3.185956 2.990578
-4.954770 4.738939
-2.287618 2.097367
-4.327448 4.113832
-5.085383 4.864165
-4.345469 4.143497
-2.280150 2.102085
-4.372828 4.145949
-5.657166 5.422481
-3.486106 3.295306
-2.838048 2.643581
-4.176315 3.957512
-4.999099 4.789479
-3.529367 3.313979
-4.665144 4.446815
-3.924448 3.733871
-3.755971 3.546364
-4.324402 4.115529
-2.764837 2.577336
-2.796597 2.603902
-2.443019 2.252833
-4.249912 4.053893
-5.587703 5.322097
-3.999054 3.807196
-5.305528 5.081125
-4.139807 3.930528
-4.551795 4.339645
-5.013007 4.776163
-5.574194 5.347589
-3.958917 3.766260
-5.090165 4.882501
-3.953405 3.756836
-4.800548 4.593211
-4.334564 4.131265
-4.719060 4.509110
-4.813213 4.586760
-3.972490 3.756541
-3.647511 3.431851
-5.115972 4.907693
-3.236382 3.038143
-4.049080 3.844928
-4.370199 4.179165
-4.388991 4.176071
-4.914041 4.693488
-6.172875 5.923981
3.465645 -3.752462
0.542552 -0.747673
2.043838 -2.280276
0.113981 -0.326115
1.559460 -1.826911
-0.388870 0.197840
1.700199 -1.960598
1.335740 -1.589793
2.878053 -3.144859
1.588659 -1.833043
