0.002694 0.997306
0.000127 0.999873
0.000193 0.999807
0.001227 0.998773
0.000443 0.999557
0.000006 0.999994
0.204910 0.795090
0.001129 0.998871
0.000146 0.999854
0.000138 0.999862
0.000181 0.999819
0.000366 0.999634
0.001691 0.998309
0.000032 0.999968
0.000174 0.999826
0.002473 0.997527
0.000008 0.999992
0.000300 0.999700
0.000007 0.999993
0.001844 0.998156
0.000190 0.999810
0.000619 0.999381
0.003784 0.996216
0.000112 0.999888
0.000860 0.999140
0.008212 0.991788
0.000148 0.999852
0.024932 0.975068
0.001319 0.998681
0.000118 0.999882
0.000344 0.999656
0.000138 0.999862
0.000302 0.999698
0.000612 0.999388
0.001370 0.998630
0.000664 0.999336
0.003800 0.996200
0.000420 0.999580
0.000423 0.999577
0.004509 0.995491
0.000410 0.999590
0.000383 0.999617
0.000749 0.999251
0.000648 0.999352
0.004736 0.995264
0.001365 0.998635
0.000816 0.999184
0.001375 0.998625
0.000567 0.999433
0.000177 0.999823
0.000436 0.999564
0.000308 0.999692
0.000040 0.999960
0.000316 0.999684
0.000085 0.999915
0.000173 0.999827
0.821422 0.178578
0.000363 0.999637
0.000620 0.999380
0.000006 0.999994
0.000832 0.999168
0.002553 0.997447
0.000606 0.999394
0.001057 0.998943
0.000164 0.999836
0.002423 0.997577
0.001364 0.998636
0.000423 0.999577
0.000290 0.999710
0.001433 0.998567
0.000010 0.999990
0.005282 0.994718
0.000027 0.999973
0.001259 0.998741
0.733773 0.266227
0.000169 0.999831
0.000370 0.999630
0.001171 0.998829
0.000050 0.999950
0.000222 0.999778
0.000004 0.999996
0.000221 0.999779
0.012590 0.987410
0.000347 0.999653
0.001968 0.998032
0.000089 0.999911
0.000479 0.999521
0.001233 0.998767
0.001348 0.998652
0.000146 0.999854
0.006378 0.993622
0.000092 0.999908
0.000114 0.999886
0.000008 0.999992
0.000078 0.999922
0.001737 0.998263
0.000124 0.999876
0.000323 0.999677
0.000121 0.999879
0.001200 0.998800
0.000607 0.999393
0.000584 0.999416
0.000823 0.999177
0.000198 0.999802
0.973469 0.026531
0.701367 0.298633
0.962652 0.037348
0.676120 0.323880
0.996693 0.003307
0.893752 0.106248
0.161488 0.838512
0.968748 0.031252
0.981376 0.018624
0.430536 0.569464
