-4.734305 4.760259
-4.830780 4.659329
-4.707807 4.325503
-4.196772 4.048553
-4.667126 4.446861
-4.669454 4.767915
-4.727576 4.415136
-4.221784 4.111905
-5.420927 5.341763
-2.563837 2.993973
-4.434419 4.264647
-4.043937 3.942755
-4.576785 4.331483
-4.386956 4.308033
-4.652166 4.432550
-4.808344 4.604178
-4.173476 3.996232
-5.188669 4.945150
-4.459401 4.432509
-4.473716 4.460648
-4.570887 4.507044
-4.814322 4.344238
-4.277198 4.039724
-4.824116 4.730641
-4.697498 4.348465
-4.460473 4.207863
-4.792026 4.875482
-4.547597 4.453959
-4.481623 4.391939
-4.982174 5.049943
-4.515303 4.305337
-4.660110 4.814764
-4.275724 4.342494
-4.136565 3.942744
-5.086185 4.969585
-4.978135 4.855924
-4.286922 4.202652
-4.465176 4.570823
-4.842235 4.681980
-4.387483 4.268265
-4.904165 4.862596
-4.324176 4.270319
-4.131960 4.117086
-4.934927 4.761334
-4.338466 4.227103
-4.806574 4.755954
-4.511045 4.525011
-4.364932 4.209789
-5.150117 4.935162
-3.789448 3.671989
-4.460731 4.674601
-5.133529 5.167669
-3.295331 3.374584
-4.518170 4.305762
-4.544134 4.514287
-4.900341 4.745930
-4.419587 4.383415
-3.862824 3.765628
-5.033420 4.757460
-4.606025 4.512053
-3.786834 3.658130
-4.694626 4.610791
-4.937082 4.537812
-3.718164 3.631901
-4.214079 4.131457
-4.196244 4.167946
-4.650105 4.311528
-4.729798 4.542182
-4.556282 4.394388
-4.418466 4.231955
-4.988625 4.916665
-4.721870 4.263261
-4.037425 4.162627
-4.297533 4.149483
-4.014661 3.864310
-4.310572 4.276108
-4.573605 4.377315
-4.569487 4.450494
-4.704984 4.468300
-4.575052 4.628444
-4.808092 4.791531
-4.238868 4.029033
-5.082290 5.078669
-4.016882 3.947676
-4.472474 4.495321
-3.690896 3.800703
-4.442843 4.563584
-4.799718 4.710296
-4.639997 4.759948
-5.034358 4.802551
-4.611418 4.451391
-5.161483 4.874040
-4.119130 4.081139
-4.443727 4.219257
-4.698186 4.463682
-4.933329 4.818523
-4.551237 4.508965
-4.292083 4.126061
-4.751144 4.723017
-4.387745 4.339797
-4.929598 4.648813
-4.395127 4.298878
-4.807383 4.817680
4.130956 -4.283442
1.732495 -1.787720
4.138253 -4.482105
1.442674 -1.542555
1.835277 -1.892293
-0.887960 0.997021
3.287401 -3.440538
1.935588 -2.216753
4.289809 -4.734782
3.873760 -4.032217
