-3.012721 3.066371
-4.850251 5.006057
-5.066377 5.169186
-5.624409 5.829913
-4.160983 4.297147
-3.761301 3.863621
-1.662857 1.603658
-4.829093 4.997809
-4.516313 4.625407
-4.637491 4.796020
-3.690982 3.801948
-4.681851 4.844993
-3.656815 3.731950
-1.918354 1.886348
-3.748893 3.864476
-3.818539 3.934247
-5.073286 5.261350
-3.608649 3.693660
-4.984402 5.120065
-3.423799 3.515083
-2.170665 2.160408
-3.804385 3.856236
-3.622813 3.720846
-4.380678 4.522850
-4.280014 4.424404
-3.814989 3.913924
-3.186049 3.218792
-2.087040 2.028980
-2.911950 2.956305
-3.728485 3.846205
-4.365792 4.492074
-4.942629 5.106892
-4.690379 4.803631
-3.304991 3.395885
-4.627701 4.784733
-4.067648 4.201865
-4.418193 4.529999
-2.497689 2.533811
-4.001420 4.125486
-6.053057 6.295616
-2.300412 2.288661
-4.049338 4.177144
-4.304155 4.423561
-3.673464 3.781369
-4.778592 4.918182
-5.686599 5.871211
-3.360154 3.448656
-5.999272 6.229199
-4.087100 4.168740
-4.240495 4.384895
-5.120234 5.333920
-2.999480 3.055906
-3.741473 3.853365
-5.564932 5.784405
-0.461050 0.270948
-3.953053 4.080404
-2.768413 2.788443
-2.125115 2.062940
-3.477723 3.508477
-4.963617 5.123461
-2.849504 2.875481
-4.274909 4.416556
-7.103612 7.392273
-5.513000 5.705433
-4.802997 4.966043
-5.587043 5.752934
-5.615709 5.827336
-3.576596 3.667293
-4.002964 4.129822
-3.473878 3.571031
-4.411003 4.568679
-4.767380 4.933211
-4.054521 4.158402
-4.763543 4.920207
-4.196537 4.330503
-5.232197 5.417206
-6.026984 6.247603
-4.594125 4.749711
-2.492554 2.452094
-3.760734 3.843623
-3.880457 3.995850
-4.220048 4.367679
-5.005028 5.177180
-6.211655 6.472689
-4.533482 4.662626
-4.482304 4.640249
-3.418821 3.494414
-4.889758 5.032530
-2.579654 2.591525
-3.089810 3.113968
-4.264453 4.216094
-5.105939 5.281214
-3.290481 3.327229
-4.560498 4.707690
-4.970362 5.158401
-4.683955 4.870193
-5.820148 6.034110
-4.479323 4.612186
-4.250912 4.379955
-4.436168 4.609594
-5.313881 5.519968
-5.372214 5.596425
-3.373947 3.397787
-1.206005 1.086400
1.352263 -1.665787
2.901982 -3.558498
0.346582 -0.545147
2.271564 -2.771197
2.782875 -3.409647
2.859567 -3.505182
0.895523 -1.155458
2.820083 -3.455837
1.827483 -2.217913
1.106968 -1.409835
