-3.398339 3.338871
-4.678068 4.601793
-4.681633 4.605067
-4.763570 4.697498
-3.954436 3.886502
-4.083050 4.013463
-4.832601 4.777746
-4.465321 4.397651
-3.033883 2.979894
-2.774113 2.709423
-6.200550 6.109526
-3.028032 2.959595
-3.202387 3.135236
-4.415406 4.337402
-3.683846 3.606861
-5.110843 5.031513
-4.007492 3.952833
-4.270973 4.194245
-2.470730 2.416446
-3.730210 3.660734
-4.464017 4.393649
-2.406152 2.365799
-3.804524 3.726650
-3.983465 3.910766
-4.883326 4.812339
-4.006289 3.938029
-3.204819 3.134765
-5.280111 5.192624
-3.400738 3.339254
-3.799395 3.726289
-3.817313 3.753713
-5.514006 5.445983
-2.427554 2.368981
-3.554797 3.492438
-4.454552 4.376561
-4.957943 4.888230
-3.041403 2.996345
-4.074212 4.004129
-2.515695 2.469199
-4.536994 4.454279
-4.275613 4.195250
-4.319028 4.246377
-4.149042 4.074043
-4.192880 4.124856
-2.328498 2.279124
-2.696863 2.653253
-3.387827 3.324793
-4.825741 4.744939
-5.189931 5.112234
-2.296077 2.226579
-3.439447 3.366239
-4.406722 4.347568
-5.109079 5.021523
-3.703287 3.638486
-4.265644 4.193031
-4.476090 4.397708
-3.955539 3.882579
-5.054317 5.010181
-4.361181 4.287326
-4.086978 4.020993
-2.401529 2.348756
-4.548459 4.474747
-3.796291 3.723079
-3.330306 3.267000
-4.738964 4.666089
-3.342141 3.278719
-4.651101 4.595659
-3.047865 2.983212
-4.198539 4.126143
-4.212030 4.135848
-4.520378 4.449901
-0.653765 0.636222
-5.926289 5.836262
-2.824334 2.801680
-4.562747 4.484423
-3.109123 3.043276
-4.114044 4.046440
-3.376592 3.335142
-2.900566 2.851756
-1.194299 1.154051
-3.009360 2.944491
-4.001033 3.931051
-6.471005 6.392313
-3.314507 3.257296
-2.215108 2.159564
-1.968794 1.922544
-7.431070 7.337911
-4.962015 4.894217
-4.638916 4.576736
-3.911242 3.848122
-5.030413 4.943286
-3.920532 3.844626
-3.829600 3.765918
0.115980 -0.124785
-2.961241 2.901056
-4.876309 4.806863
-3.841985 3.775336
-4.196729 4.123194
-3.784207 3.748254
-4.144176 4.075785
-4.684601 4.614406
-3.749632 3.674965
-5.669215 5.584653
-3.623316 3.551088
2.173100 -2.153084
2.189366 -2.164253
3.090023 -3.013077
3.054855 -2.980651
1.709087 -1.704485
2.137187 -2.115832
2.668979 -2.616418
2.626384 -2.579673
0.425535 -0.440635
2.180166 -2.158988
