0.002305 0.997695
0.000800 0.999200
0.004915 0.995085
0.000006 0.999994
0.000453 0.999547
0.000348 0.999652
0.000221 0.999779
0.001073 0.998927
0.000183 0.999817
0.002278 0.997722
0.014318 0.985682
0.002908 0.997092
0.007229 0.992771
0.000124 0.999876
0.003177 0.996823
0.018499 0.981501
0.000601 0.999399
0.000322 0.999678
0.000215 0.999785
0.000825 0.999175
0.000064 0.999936
0.000856 0.999144
0.000249 0.999751
0.000089 0.999911
0.001855 0.998145
0.000088 0.999912
0.001206 0.998794
0.000114 0.999886
0.000019 0.999981
0.000493 0.999507
0.000596 0.999404
0.000158 0.999842
0.000908 0.999092
0.000653 0.999347
0.000532 0.999468
0.000676 0.999324
0.000255 0.999745
0.000058 0.999942
0.000631 0.999369
0.000775 0.999225
0.020056 0.979944
0.000064 0.999936
0.000844 0.999156
0.002396 0.997604
0.000408 0.999592
0.000199 0.999801
0.000141 0.999859
0.000527 0.999473
0.000036 0.999964
0.000716 0.999284
0.059653 0.940347
0.000333 0.999667
0.001987 0.998013
0.000345 0.999655
0.000482 0.999518
0.000128 0.999872
0.000332 0.999668
0.000412 0.999588
0.003335 0.996665
0.000724 0.999276
0.000443 0.999557
0.000467 0.999533
0.155374 0.844626
0.001410 0.998590
0.000428 0.999572
0.000506 0.999494
0.000340 0.999660
0.002215 0.997785
0.000491 0.999509
0.000023 0.999977
0.015762 0.984238
0.000600 0.999400
0.000982 0.999018
0.000185 0.999815
0.007212 0.992788
0.005309 0.994691
0.003085 0.996915
0.000329 0.999671
0.000108 0.999892
0.000423 0.999577
0.000030 0.999970
0.000769 0.999231
0.000106 0.999894
0.001532 0.998468
0.000031 0.999969
0.011559 0.988441
0.000571 0.999429
0.000093 0.999907
0.002841 0.997159
0.000374 0.999626
0.000203 0.999797
0.001015 0.998985
0.000641 0.999359
0.000929 0.999071
0.000266 0.999734
0.000269 0.999731
0.000236 0.999764
0.001061 0.998939
0.000942 0.999058
0.000558 0.999442
0.000821 0.999179
0.000724 0.999276
0.000750 0.999250
0.000559 0.999441
0.895103 0.104897
0.996937 0.003063
0.992887 0.007113
0.999831 0.000169
0.974385 0.025615
0.914739 0.085261
0.975604 0.024396
0.893399 0.106601
0.944748 0.055252
0.986119 0.013881
