-4.076251 3.744967
-3.700267 3.348648
-7.027481 6.817367
-5.118676 4.881880
-4.717992 4.509281
-4.555858 4.279929
-5.495821 5.288833
-4.200552 3.888889
-5.380743 5.128680
-6.392886 6.074310
-5.971007 5.852526
-6.241787 6.127872
-3.142577 2.763593
-4.898715 4.704060
-5.404431 5.256161
-6.723047 6.621756
-5.125460 4.835975
-4.017375 3.688647
-5.220047 4.909555
-5.824134 5.702634
-5.448807 5.298866
-7.897911 7.719582
-5.887787 5.733302
-5.567419 5.110579
-5.506116 5.323272
-6.606367 6.490779
-4.823183 4.627337
-5.939375 5.804145
-4.529294 4.330784
-4.882278 4.585171
-5.806943 5.618174
-4.391456 4.164643
-5.109510 4.904074
-4.335638 4.055274
-5.174279 5.031000
-5.733926 5.504896
-7.793107 7.651020
-3.333302 2.886813
-5.133456 4.913430
-2.365396 1.787955
-5.323392 5.140693
-3.663522 3.206430
-5.485497 5.303017
-3.886360 3.601653
-4.886872 4.712848
-5.270858 5.077047
-5.656745 5.371234
-4.911921 4.664592
-5.681608 5.528956
-2.834358 2.361344
-5.750004 5.613659
-6.065007 5.916143
-6.723368 6.559742
-5.465090 5.300125
-6.164966 6.015218
-6.403814 6.068960
-5.658393 5.439596
-4.210517 3.695815
-5.764122 5.597637
-6.945136 6.817785
-3.479800 2.646215
-5.875130 5.688102
-4.593599 4.400986
-4.804440 4.559321
-4.739294 4.493772
-6.901917 6.774463
-3.844483 3.599116
-6.499859 6.391586
-7.983917 7.740802
-5.279032 5.159991
-4.904280 4.727188
-5.213085 5.026893
-4.799409 4.625212
-6.568232 6.372300
-4.542950 4.187935
-5.317516 5.061989
-5.519795 5.359141
-5.397189 5.142335
-4.541769 4.218453
-5.189474 5.007448
-4.597847 4.420408
-4.995816 4.783380
-5.529357 5.348465
-4.353011 3.915319
-5.488521 5.310326
-5.083629 4.849629
-6.850953 6.633230
-5.356286 5.128699
-5.023806 4.826144
-4.187167 3.964067
-4.013625 3.605987
-6.404038 6.271410
-6.267045 6.089830
-5.490850 5.276999
-4.905530 4.674051
-4.689548 4.443874
-3.801342 3.412344
-4.836027 4.570179
-4.695229 4.502697
-5.040131 4.814415
-6.164748 5.995838
-5.147171 4.921863
-5.960476 5.774056
-5.798451 5.605086
2.261130 -3.781468
1.198501 -2.332175
1.672858 -3.167006
2.315438 -3.905023
1.278805 -2.480264
1.857906 -3.311295
0.322198 -1.280159
0.993315 -2.342127
1.398079 -2.705187
1.123142 -2.260853
