-4.269871 4.385040
-3.137886 3.249422
-6.482107 6.682662
-3.875885 3.995488
-4.453201 4.599126
-3.877578 4.008889
-3.550127 3.659454
-5.054332 5.196776
-3.774091 3.901713
-5.464944 5.649534
-4.127638 4.254928
-4.545945 4.698959
-3.879225 4.006122
-2.702259 2.795550
-2.216516 2.285033
-2.764907 2.854281
-3.969076 4.099651
-5.086014 5.253631
-3.242730 3.340942
-3.339277 3.457138
-5.327724 5.519231
-4.242505 4.381600
-4.521297 4.652900
-4.753354 4.896855
-2.146324 2.205694
-4.359954 4.499737
-4.062239 4.193355
-4.730968 4.885900
-4.340312 4.482022
-4.360340 4.486131
-3.745837 3.869393
-4.550668 4.698093
-3.923658 4.057473
-3.263533 3.353303
-4.481677 4.630974
-3.249627 3.361171
-3.275431 3.382116
-3.088682 3.186569
-3.587639 3.702348
-5.001203 5.172547
-3.823314 3.946493
-4.521801 4.669593
-4.779681 4.936409
-1.217900 1.238541
-4.344732 4.495115
-5.050238 5.203213
-4.620497 4.779284
-4.152538 4.295206
-3.591381 3.712236
-4.479173 4.599142
-3.596096 3.707098
-4.757038 4.893274
-7.403513 7.634030
-3.092477 3.191365
-4.736353 4.893643
-4.878469 5.038848
-4.700817 4.844576
-5.031645 5.196191
-4.217423 4.363842
-3.678950 3.798751
-4.397673 4.554080
-4.091553 4.225638
-3.708908 3.822696
-2.717934 2.808329
-2.214386 2.256257
-4.921812 5.089102
-4.027070 4.166688
-3.926890 4.054611
-3.482821 3.559525
-5.086329 5.256807
-2.507704 2.590793
-3.579061 3.693177
-1.988650 2.041776
-5.069026 5.212656
-4.999661 5.170843
-4.981173 5.158897
-3.951472 4.083712
-4.584915 4.735385
-4.252990 4.398255
-3.835827 3.958308
-4.160396 4.287127
-4.712294 4.862007
-5.285192 5.437563
-5.022026 5.184464
-3.638617 3.751465
-3.337088 3.436310
-3.806256 3.928073
-5.063331 5.242510
-6.397376 6.582799
-3.014403 3.089474
-4.712280 4.860249
-3.907902 4.037211
-4.472466 4.609572
-1.851519 1.905393
-4.724882 4.873264
-4.241028 4.375681
-3.047446 3.140549
-3.789831 3.901628
-1.288782 1.312931
-3.130640 3.196409
-4.782565 4.903254
-5.009776 5.155344
-4.794129 4.933681
-3.317326 3.432237
2.029975 -2.125730
2.266710 -2.382586
0.858899 -0.891115
1.545449 -1.614162
2.311862 -2.434706
2.514122 -2.652357
2.394531 -2.520601
2.290781 -2.408996
2.068973 -2.170091
