-4.402696 4.470560
-4.878226 4.923555
-4.365807 4.421398
-6.006393 6.046104
-4.939267 4.972597
-4.960770 5.000234
-4.687009 4.724612
-3.705957 3.741637
-4.259241 4.301756
-3.703902 3.768630
-2.880878 2.944040
-2.507551 2.576719
-2.911577 2.955270
-6.619707 6.653235
-5.304088 5.339668
-2.629951 2.697777
-3.728516 3.778381
-4.379986 4.422523
-1.653710 1.766307
-4.712267 4.746226
-5.967885 5.988527
-4.443317 4.480861
-5.403667 5.427423
-4.889696 4.921885
-3.938997 3.981158
-5.875036 5.913793
-4.340896 4.401290
-6.133514 6.161531
-5.621866 5.647051
-4.636219 4.699036
-5.929832 5.978684
-5.021047 5.053159
-4.932865 4.973046
-3.861089 3.913890
-4.382497 4.420199
-4.257193 4.292796
-5.045639 5.082667
-4.806593 4.854048
-5.318505 5.355144
-4.143806 4.183311
-1.085157 1.172523
-6.028172 6.072842
-4.830304 4.855216
-4.111279 4.147116
-5.668658 5.704592
-4.775667 4.810974
-5.123384 5.170153
-5.805945 5.854820
-6.234569 6.288406
-3.917424 3.976875
-0.461482 0.548609
-4.009486 4.057924
-3.060272 3.126577
-5.308347 5.335914
-4.535438 4.567785
-5.233640 5.257443
-5.287021 5.330050
-5.248988 5.271497
-4.310501 4.346005
-4.150139 4.229128
-4.950021 4.974084
-4.918656 4.956098
-0.613387 0.696532
-4.184762 4.221012
-4.470931 4.506978
-4.638364 4.667891
-5.782348 5.814007
-2.524186 2.588912
-4.533877 4.564904
-5.468357 5.498061
-2.563110 2.635984
-3.604085 3.646844
-4.924500 4.980462
-4.863693 4.928261
-3.638215 3.689698
-2.078796 2.148397
-3.641680 3.692442
-3.575077 3.632127
-4.264423 4.300598
-4.133510 4.181549
-4.834725 4.874846
-3.961291 4.010924
-4.694542 4.749078
-3.780738 3.839492
-5.400499 5.432025
-2.397971 2.461024
-4.689252 4.720730
-6.077582 6.123661
-3.913224 3.949320
-3.889376 3.944299
-4.995536 5.032878
-3.766413 3.817178
-6.190369 6.255310
-4.165603 4.216399
-6.569527 6.597124
-4.199502 4.242381
-4.875918 4.903130
-5.413691 5.445539
-3.472922 3.543685
-4.429944 4.461867
-4.852446 4.895780
-3.359636 3.413561
-5.528656 5.576596
-5.558120 5.626414
2.037413 -1.909126
2.273952 -2.139231
2.710962 -2.554645
3.651133 -3.444606
2.209861 -2.074252
1.853523 -1.713563
2.388117 -2.248383
1.640074 -1.505157
2.218491 -2.075908
2.310382 -2.175336
