-3.720212 4.424446
-4.083275 4.397354
-4.181705 4.546452
-4.519619 4.931883
-4.354576 5.003817
-4.691595 5.136340
-3.899367 4.325443
-4.670459 5.161620
-4.096539 4.569063
-3.991836 4.517042
-3.815899 4.397776
-2.727594 3.595813
-3.810294 4.242078
-4.047143 4.578506
-4.254546 4.558001
-4.131721 4.673650
-4.334394 4.755609
-4.146179 4.791189
-3.729487 3.902215
-3.872398 4.543682
-3.871726 4.144013
-3.997441 4.147651
-3.953221 4.659146
-3.740850 3.854603
-4.373207 4.718871
-4.706714 5.184075
-4.239662 4.615259
-4.073038 4.779337
-4.387131 5.016855
-3.640724 4.180295
-12.775620 12.223380
-4.149098 4.769728
-4.378678 4.592303
-4.359167 4.778625
-3.048009 3.593730
-4.471723 4.860812
-4.122543 4.732249
-4.319016 4.954976
-5.628458 5.966639
-3.949019 4.784021
-4.430054 4.850050
-2.763020 3.312816
-3.280658 2.730945
-4.432421 4.871084
-4.547889 4.944755
-4.365937 4.958743
-3.978709 4.454905
-4.002160 4.373268
-3.838510 4.258834
-4.818177 5.220832
-3.808125 4.045402
-4.225165 4.789474
-4.120382 4.484879
-4.443417 5.065002
-4.424053 5.134885
-3.829161 4.526038
-4.335876 5.424646
-4.177159 4.664200
-3.815297 4.208292
-3.556265 4.041782
-4.816390 5.301423
-3.902887 4.401484
-4.010830 4.811163
-4.521612 5.056196
-3.759002 4.182334
-4.906723 5.300814
-4.774355 4.777182
-4.253466 4.872566
-4.411949 4.711191
-4.260948 4.755210
-4.639035 5.034574
-3.206160 3.792881
-4.117778 4.549575
-3.641237 4.042790
-1.102972 1.224038
-4.786294 5.358456
-3.865075 4.172203
-2.735204 4.144799
-3.134316 3.413064
-1.370283 1.301720
-4.595962 4.875710
-4.199634 4.706978
-4.662283 5.118055
-4.342445 4.906803
-4.419500 4.779974
-4.138182 4.500937
-4.532195 4.962673
-3.869333 4.378047
-4.550573 5.125228
-4.482937 4.752111
-4.329188 5.007617
-3.840017 4.324623
-4.762809 5.429081
-4.629829 5.104009
-3.059243 6.424819
-2.904607 3.339077
-4.116967 4.799482
-4.719688 5.164073
-2.270185 3.115254
-4.114940 4.588178
-4.273099 4.752033
-4.157846 4.901177
-3.544605 4.167879
-4.108217 4.371937
1.362393 -0.953585
2.753822 -2.808185
4.088264 -3.795178
3.882162 -3.601247
2.275172 -2.184480
2.728331 -2.371945
3.990729 -3.737563
3.689415 -3.477714
3.897476 -3.528987
5.383807 -4.932172
