0.000497 0.999503
0.002489 0.997511
0.000265 0.999735
0.000985 0.999015
0.000114 0.999886
0.000147 0.999853
0.000727 0.999273
0.000003 0.999997
0.000345 0.999655
0.000133 0.999867
0.003573 0.996427
0.000058 0.999942
0.000350 0.999650
0.001264 0.998736
0.002150 0.997850
0.003046 0.996954
0.000091 0.999909
0.000237 0.999763
0.001292 0.998708
0.000710 0.999290
0.000158 0.999842
0.001520 0.998480
0.001183 0.998817
0.000204 0.999796
0.002711 0.997289
0.000596 0.999404
0.000160 0.999840
0.000391 0.999609
0.000133 0.999867
0.001076 0.998924
0.000467 0.999533
0.000207 0.999793
0.000136 0.999864
0.000589 0.999411
0.000268 0.999732
0.000821 0.999179
0.000937 0.999063
0.000917 0.999083
0.001419 0.998581
0.000107 0.999893
0.000352 0.999648
0.000310 0.999690
0.000500 0.999500
0.014055 0.985945
0.000167 0.999833
0.000006 0.999994
0.000487 0.999513
0.000045 0.999955
0.004247 0.995753
0.001197 0.998803
0.001029 0.998971
0.000529 0.999471
0.000019 0.999981
0.000711 0.999289
0.000023 0.999977
0.000444 0.999556
0.000936 0.999064
0.000206 0.999794
0.000047 0.999953
0.001680 0.998320
0.000673 0.999327
0.000286 0.999714
0.000678 0.999322
0.005705 0.994295
0.017203 0.982797
0.000186 0.999814
0.000068 0.999932
0.000512 0.999488
0.002213 0.997787
0.000108 0.999892
0.003384 0.996616
0.000639 0.999361
0.005503 0.994497
0.000013 0.999987
0.000061 0.999939
0.000294 0.999706
0.000514 0.999486
0.001407 0.998593
0.000311 0.999689
0.000530 0.999470
0.000083 0.999917
0.001530 0.998470
0.000038 0.999962
0.000145 0.999855
0.001798 0.998202
0.001626 0.998374
0.000125 0.999875
0.000085 0.999915
0.000012 0.999988
0.025026 0.974974
0.000253 0.999747
0.000285 0.999715
0.000468 0.999532
0.013572 0.986428
0.000024 0.999976
0.000090 0.999910
0.006998 0.993002
0.000964 0.999036
0.010878 0.989122
0.050328 0.949672
0.000346 0.999654
0.001195 0.998805
0.001265 0.998735
0.002479 0.997521
0.988305 0.011695
0.996714 0.003286
0.883510 0.116490
0.957415 0.042585
0.980663 0.019337
0.985358 0.014642
0.995281 0.004719
0.983671 0.016329
0.975983 0.024017
