-4.154813 4.372654
-6.063335 6.215945
-6.887466 7.030262
-7.033122 7.163937
-5.336426 5.503609
-6.833545 6.984690
-6.640922 6.784883
-6.323275 6.463010
-4.966327 5.174281
-7.096735 7.222246
-5.982694 6.169195
-5.373961 5.542434
-6.081625 6.223151
-5.087131 5.255756
-6.485416 6.635201
-7.250541 7.381480
-0.168992 0.494320
-7.449899 7.555044
-6.946640 7.078649
-3.442706 3.680780
-5.225224 5.395450
-4.815121 4.995450
-4.068234 4.285625
-6.968463 7.124242
-6.947950 7.104843
-5.407721 5.604407
-6.439334 6.591864
-6.585354 6.712761
-4.857492 5.055498
-5.450559 5.630592
-5.060852 5.275445
-7.185684 7.301281
-5.995337 6.146936
-6.756876 6.905755
-6.087077 6.228633
-4.397872 4.594039
-5.141935 5.316394
-6.416035 6.560782
-8.180297 8.309668
-3.304853 3.565727
-7.002224 7.135344
-5.451730 5.639756
-5.767848 5.951396
-2.972331 3.222845
-6.284496 6.431665
-6.727311 6.861824
2.206385 -1.807182
-6.020074 6.202462
-6.293519 6.428783
-6.198621 6.360052
-1.768864 2.046817
-5.170625 5.362516
-6.402076 6.547626
-6.206436 6.344115
-6.196725 6.338271
-6.042947 6.204761
-5.513068 5.676283
-7.180861 7.327209
-6.753170 6.895894
-6.284907 6.430816
-4.974137 5.155031
-6.019795 6.204024
-5.577785 5.795025
-4.027413 4.236165
-5.955080 6.121438
-5.807001 5.961901
-6.350788 6.502201
-5.846463 5.999915
-7.251297 7.390984
-6.349986 6.504078
-5.590837 5.756732
-6.063984 6.251779
-5.490086 5.685787
-5.021779 5.190508
-6.328486 6.489079
-4.176715 4.387674
-6.077213 6.268342
-5.569030 5.734856
-6.436879 6.564888
-5.223983 5.433022
-7.271254 7.391150
-5.443692 5.614862
-5.734644 5.926682
-6.113821 6.287948
-6.587777 6.740334
-6.803292 6.934975
-5.827419 5.980688
-6.198215 6.341536
-5.588450 5.778712
-5.970759 6.152841
-6.435677 6.584175
-6.770020 6.901845
-7.867290 7.969996
-6.814453 6.986590
-4.022990 4.226838
-5.125253 5.316131
-4.893951 5.093925
-6.633502 6.787382
-3.616944 3.847655
-6.567012 6.713969
-6.193520 6.326417
-5.277057 5.476407
-6.863958 7.021534
-5.151771 5.317387
0.604975 -0.272605
0.687789 -0.324823
0.349909 -0.016014
3.010499 -2.503147
3.230288 -2.686792
0.332535 0.009484
3.207176 -2.667363
0.832337 -0.429461
0.267774 0.067993
3.036959 -2.523845
