-5.272512 4.788128
-3.435842 3.079277
-5.823073 5.317463
-4.855711 4.418147
-4.796619 4.351569
-3.935615 3.534540
-4.461645 4.013783
-5.359304 4.815028
-3.685832 3.294102
-4.591116 4.176797
-3.244336 2.884129
-4.790780 4.351800
-3.513819 3.113371
-2.240734 1.910146
-1.862938 1.515513
-2.940843 2.563760
-4.053421 3.637819
-5.101160 4.642686
-4.104857 3.685707
-3.269917 2.911758
-4.758343 4.341547
-4.734640 4.280941
-4.161666 3.739858
-5.380742 4.890646
-2.502528 2.136031
-4.836294 4.381644
-4.632627 4.187338
-4.286709 3.880121
-4.390880 3.959320
-3.950602 3.537349
-3.971295 3.568797
-5.238965 4.774896
-3.617708 3.235219
-3.723600 3.260677
-4.617978 4.185324
-3.353895 2.995181
-3.576257 3.175751
-2.973675 2.597812
-3.659871 3.252240
-4.930763 4.485023
-3.994800 3.592760
-4.713324 4.284083
-5.254471 4.776108
-0.817256 0.442841
-4.799128 4.361848
-5.691677 5.169229
-4.716877 4.280395
-4.251372 3.844414
-3.481708 3.129063
-5.220732 4.716914
-3.517371 3.152393
-3.912803 3.513065
-6.256729 5.719212
-3.093561 2.713527
-4.588770 4.159603
-4.294081 3.894320
-5.307417 4.828732
-5.130848 4.670828
-3.982264 3.592869
-4.017533 3.617589
-4.085962 3.707243
-3.385223 3.017862
-3.841176 3.416119
-2.639263 2.312993
-1.688024 1.311846
-4.988715 4.548631
-4.147432 3.742016
-3.328681 2.952480
-2.806282 2.390461
-5.315090 4.841889
-2.736082 2.377314
-4.581896 4.127534
-2.156690 1.769347
-5.490382 4.957829
-5.001684 4.561088
-3.997899 3.624980
-3.227378 2.870620
-3.619286 3.262858
-3.971100 3.598613
-3.292811 2.926055
-4.495041 4.056540
-4.975724 4.516537
-6.345271 5.773352
-5.245806 4.776168
-4.766435 4.310632
-2.978020 2.608620
-3.371195 2.964365
-4.805930 4.384664
-6.259528 5.713061
-3.617377 3.210394
-3.903227 3.513343
-4.396118 3.968401
-5.203689 4.713935
-1.311681 0.987265
-4.341700 3.905362
-4.044561 3.619095
-2.571625 2.224992
-3.525339 3.137505
-0.931673 0.577508
-1.433438 1.080382
-4.045790 3.585226
-4.759013 4.308916
-4.412461 3.994908
-3.300124 2.932971
2.011898 -2.336590
2.771415 -3.115032
0.045788 -0.330563
1.014377 -1.321504
2.102574 -2.511524
2.794785 -3.185716
2.822114 -3.187078
2.505030 -2.864746
2.113324 -2.464219
