0.000935 0.999065
0.001722 0.998278
0.000925 0.999075
0.000717 0.999283
0.003875 0.996125
0.002439 0.997561
0.000156 0.999844
0.000225 0.999775
0.000558 0.999442
0.001118 0.998882
0.000588 0.999412
0.000067 0.999933
0.000675 0.999325
0.000775 0.999225
0.000089 0.999911
0.000073 0.999927
0.001095 0.998905
0.002079 0.997921
0.000947 0.999053
0.000158 0.999842
0.000039 0.999961
0.000002 0.999998
0.000380 0.999620
0.000000 1.000000
0.000399 0.999601
0.000083 0.999917
0.000322 0.999678
0.000556 0.999444
0.005014 0.994986
0.000134 0.999866
0.000215 0.999785
0.000291 0.999709
0.000087 0.999913
0.000917 0.999083
0.000091 0.999909
0.001109 0.998891
0.000024 0.999976
0.001981 0.998019
0.000202 0.999798
0.011784 0.988216
0.000582 0.999418
0.010752 0.989248
0.000522 0.999478
0.000421 0.999579
0.000906 0.999094
0.000634 0.999366
0.000021 0.999979
0.000025 0.999975
0.000140 0.999860
0.005384 0.994616
0.000582 0.999418
0.000762 0.999238
0.000063 0.999937
0.000189 0.999811
0.000427 0.999573
0.000006 0.999994
0.000095 0.999905
0.000087 0.999913
0.000106 0.999894
0.000553 0.999447
0.000580 0.999420
0.000133 0.999867
0.000369 0.999631
0.000794 0.999206
0.001657 0.998343
0.000006 0.999994
0.005933 0.994067
0.000117 0.999883
0.000000 1.000000
0.000118 0.999882
0.000976 0.999024
0.000089 0.999911
0.000372 0.999628
0.000855 0.999145
0.000430 0.999570
0.000038 0.999962
0.000015 0.999985
0.000560 0.999440
0.000682 0.999318
0.000430 0.999570
0.000877 0.999123
0.000031 0.999969
0.000674 0.999326
0.000513 0.999487
0.000088 0.999912
0.000228 0.999772
0.000013 0.999987
0.000213 0.999787
0.002428 0.997572
0.004825 0.995175
0.000134 0.999866
0.000073 0.999927
0.000019 0.999981
0.001705 0.998295
0.000328 0.999672
0.003730 0.996270
0.001119 0.998881
0.000346 0.999654
0.040303 0.959697
0.003909 0.996091
0.000010 0.999990
0.000322 0.999678
0.000065 0.999935
0.000404 0.999596
0.998205 0.001795
0.979254 0.020746
0.995730 0.004270
0.994658 0.005342
0.969865 0.030135
0.994792 0.005208
0.702024 0.297976
0.988466 0.011534
0.929295 0.070705
0.997329 0.002671
