-4.713544 4.702916
-4.901193 4.891544
-3.849085 3.843822
-5.234478 5.223680
-4.205941 4.198412
-4.525035 4.515492
-4.577225 4.568007
-4.683834 4.674269
-5.921698 5.910786
-5.047204 5.037078
-4.053859 4.046454
-6.271359 6.261913
-5.295259 5.284709
-5.577870 5.568065
-5.519306 5.510499
-5.064144 5.054917
-3.602553 3.601273
-5.043003 5.032071
-4.649033 4.638927
-2.466287 2.473843
-4.962879 4.952702
-7.272646 7.265551
-4.058743 4.053370
-3.176662 3.178018
-5.423930 5.413012
-3.783329 3.779868
-3.726104 3.721049
-5.582997 5.572638
-4.200212 4.191871
-4.663249 4.657508
-4.287567 4.280473
-4.854160 4.844768
-4.499418 4.490062
-5.337952 5.327600
-2.894450 2.893141
-4.383820 4.374808
-6.217742 6.207395
-3.121971 3.119664
-2.891096 2.892746
-4.237802 4.232147
-5.250408 5.240384
-5.336184 5.326263
-3.792290 3.787238
-4.397923 4.389201
-4.853437 4.845103
-4.235545 4.228200
-2.543737 2.549365
-3.240991 3.242509
-4.694889 4.684908
-3.206248 3.203985
-5.240683 5.229867
-4.597669 4.589300
-5.492093 5.482343
-4.525506 4.516910
-5.388304 5.380098
-4.213739 4.206583
-0.410368 0.443231
-4.959631 4.949490
-3.138891 3.137686
-3.389805 3.386996
-4.728281 4.720908
-4.409307 4.400425
-4.491840 4.485869
-3.742221 3.741132
-5.003846 4.994069
-4.539708 4.530659
-4.668938 4.661555
-5.112146 5.105183
-3.068763 3.066842
-4.675745 4.666647
-4.821767 4.811469
-8.064068 8.056407
-4.845444 4.838345
-3.756804 3.750239
-5.252350 5.243091
-5.898430 5.887828
-5.761051 5.750210
-4.121342 4.112968
-4.196589 4.188638
-4.421150 4.411987
-4.618790 4.609795
-4.627810 4.619592
-4.618705 4.609377
-3.815437 3.808557
-4.726183 4.716265
-3.196848 3.199775
-6.306400 6.297853
-3.300087 3.296466
-4.416778 4.408368
-4.280427 4.277533
-5.133780 5.124310
-5.186738 5.178090
-3.427602 3.424073
-3.435249 3.431827
-5.047453 5.037844
-5.203107 5.192731
-5.146616 5.136319
-5.417163 5.407166
-4.955820 4.946314
-5.093106 5.083378
-5.546777 5.536173
-4.619012 4.611225
-2.500404 2.504907
-3.830216 3.825373
2.962870 -2.907510
0.585725 -0.544317
2.126478 -2.079082
0.835193 -0.794830
2.748465 -2.694357
-0.096988 0.127681
1.238599 -1.200878
1.262910 -1.218519
0.823053 -0.787378
1.345513 -1.297421
