-4.672388 4.706511
-4.874511 4.659479
-4.405157 4.635098
-4.519903 4.343995
-4.478874 4.419125
-4.592250 4.385939
-4.419281 4.326551
-4.290579 4.283863
-4.104676 4.306625
-5.106107 5.056627
-4.334402 4.115727
-4.682583 4.542951
-4.593145 4.553065
-2.047768 2.038861
-4.702944 4.771014
-4.397799 4.259509
-4.759764 4.612408
-4.929734 4.861904
-4.007977 3.790106
-4.817240 4.721082
-3.855870 3.920077
-3.459317 3.373164
-4.817534 4.853291
-4.719414 4.904497
-4.909273 4.861298
-4.482401 4.380185
-4.235548 4.021355
-3.430243 3.233180
-4.798050 4.721501
-4.458320 4.455614
-4.743384 4.775356
-5.017805 4.626951
-4.512165 4.315278
-4.506416 4.496359
-4.232135 4.061223
-4.356750 4.361211
-4.522502 4.500098
-4.292625 4.360369
-4.882841 4.730534
-5.091858 4.880352
-3.279247 3.280148
-4.985681 4.769179
-4.919699 4.795583
-4.534262 4.536911
-4.205350 3.946758
-5.084808 4.987797
-4.848981 4.791990
-4.940493 4.466579
-4.529115 4.349937
-5.138055 4.962063
-5.133456 5.051075
-4.764980 4.603526
-4.442577 4.482209
-4.636388 4.457871
0.039696 -0.000428
-5.020249 5.044875
-3.670620 3.241948
-4.061847 3.962780
-4.993687 4.811948
-4.300385 4.297226
-3.541821 3.971143
-4.120810 3.803351
-5.149798 5.109720
-4.553457 4.411642
-4.796996 4.483632
-4.384349 3.645054
-4.843007 4.591985
-3.763883 3.707529
-4.891042 4.715528
-4.595299 4.452141
-4.612408 4.656990
-4.953308 4.881524
-4.043407 3.927412
-4.610119 4.547916
-4.876400 4.807868
-4.992387 5.045074
-4.949299 4.873410
-4.779500 4.701200
-4.304269 4.097991
-4.911889 4.884709
-5.194567 5.243382
-4.738137 4.560364
-4.680277 4.540695
-4.418683 4.343645
-4.743696 4.673025
-4.663891 4.764866
-4.480902 4.494648
-4.245764 4.389382
-3.561291 3.494891
-3.595579 2.909615
-3.774769 3.395853
-4.649328 4.744914
-4.989383 4.797175
-4.208454 4.233755
-4.553007 4.721237
-4.748316 4.838966
-4.899563 4.730211
-5.527782 5.263510
-4.466113 4.368880
-4.664567 4.627340
-4.706172 4.450978
-4.632998 4.624138
-3.928494 3.854433
-3.478090 3.170788
2.951135 -3.053722
4.368946 -4.604094
2.835464 -2.864347
4.773242 -5.106373
4.791493 -4.661702
2.929411 -3.252332
2.867190 -3.151038
4.889020 -4.947176
4.803111 -5.003487
3.155555 -3.102001
