-5.151679 5.119382
-6.067778 6.037977
-5.058343 5.031579
-7.620993 7.581418
-6.076129 6.046624
-6.186687 6.155005
-5.867015 5.838434
-4.914560 4.888458
-5.985970 5.957666
-5.484743 5.462070
-4.069172 4.035399
-4.480230 4.452632
-4.441071 4.419155
-6.827019 6.791182
-5.733481 5.705868
-3.720112 3.685974
-5.402112 5.380471
-5.873456 5.845094
-6.797552 6.762140
-6.043057 6.013981
-6.841993 6.806578
-5.669879 5.644117
-6.375027 6.343234
-6.388731 6.357472
-5.063927 5.036676
-6.470376 6.437106
-5.388968 5.360431
-6.811374 6.774903
-7.097109 7.061786
-5.839501 5.813012
-6.552830 6.518744
-6.250708 6.219635
-5.719976 5.692900
-5.349538 5.327200
-5.510515 5.486872
-5.635313 5.609610
-6.135621 6.105677
-6.792613 6.757627
-6.429875 6.398551
-6.007222 5.977945
-2.903017 2.858249
-7.124862 7.087863
-5.739974 5.712271
-5.304622 5.281869
-6.074154 6.044014
-6.152603 6.122913
-6.344212 6.312245
-6.281155 6.247953
-6.660461 6.625808
-5.508107 5.482110
-2.138311 2.097387
-5.407544 5.380892
-4.344703 4.307120
-6.348719 6.316879
-5.902807 5.874020
-6.349959 6.317797
-6.298586 6.266925
-6.307542 6.276221
-5.609123 5.582397
-5.887321 5.861524
-5.895332 5.866002
-6.002757 5.972687
-2.126604 2.075520
-5.570602 5.545547
-5.586993 5.560894
-5.722080 5.693527
-6.198187 6.165967
-3.768789 3.725714
-5.835606 5.807118
-6.826275 6.791894
-3.824896 3.783187
-5.356320 5.334777
-6.316092 6.283293
-6.570372 6.538414
-4.902789 4.878871
-4.014461 3.980720
-4.699897 4.672512
-5.204874 5.174775
-5.700490 5.675019
-5.875277 5.847511
-6.531482 6.499465
-5.522001 5.498148
-6.382875 6.351229
-4.990016 4.963881
-6.595660 6.561813
-3.521097 3.482565
-5.860061 5.831612
-7.398186 7.361787
-5.028330 5.007277
-5.435923 5.409317
-6.343883 6.311219
-5.062026 5.032743
-6.364995 6.332109
-4.719873 4.683143
-6.691627 6.656365
-5.742293 5.715963
-6.085412 6.054756
-5.832770 5.804210
-4.999634 4.971207
-5.648786 5.622535
-5.650009 5.622957
-5.052883 5.027515
-6.538076 6.505857
-6.228041 6.197320
0.450974 -0.536002
1.614626 -1.697275
2.228670 -2.341616
2.921739 -3.066936
0.681308 -0.767018
1.078406 -1.177469
1.276413 -1.367408
0.126841 -0.209974
0.661031 -0.748383
1.599269 -1.691461
