-4.712547 4.679477
-5.328466 5.280066
-3.701902 3.697081
-5.347423 5.294757
-4.074637 4.056666
-4.819716 4.776931
-4.586761 4.554934
-4.542392 4.518488
-5.424335 5.378617
-4.970124 4.923759
-3.922330 3.916725
-6.020878 5.950606
-4.778668 4.744189
-5.259293 5.213256
-5.259791 5.209367
-5.313385 5.264613
-3.171706 3.181072
-4.856171 4.828351
-4.875097 4.839779
-2.390397 2.429986
-4.721285 4.688169
-6.986551 6.899900
-3.921224 3.920093
-2.914977 2.941452
-5.325533 5.276706
-3.552023 3.557488
-3.620176 3.620920
-5.427308 5.377162
-4.390530 4.361240
-3.919516 3.912438
-4.046758 4.028518
-4.481726 4.457322
-4.559764 4.532796
-5.125156 5.072940
-2.906635 2.916676
-4.612018 4.573947
-5.922750 5.864842
-3.167901 3.175623
-3.140345 3.152307
-4.047809 4.032468
-4.956883 4.917853
-4.972022 4.944544
-3.475035 3.478519
-4.238246 4.221211
-4.633693 4.603429
-4.699112 4.658944
-2.415688 2.450254
-3.094713 3.109477
-4.647845 4.615398
-3.172691 3.185372
-5.010284 4.967861
-4.561830 4.535233
-5.865524 5.801263
-3.993387 3.982199
-5.328565 5.272934
-3.871038 3.865584
0.211387 -0.097787
-4.823805 4.798222
-3.012787 3.028109
-3.194534 3.204946
-4.322920 4.297757
-4.597267 4.566591
-3.660249 3.662791
-2.994277 3.009426
-4.517272 4.490658
-4.618425 4.589468
-4.156465 4.149501
-4.316590 4.305634
-3.110764 3.122598
-4.239553 4.222002
-4.724280 4.694920
-7.436393 7.343946
-4.685372 4.658096
-3.901980 3.886335
-4.830221 4.797841
-5.891044 5.830413
-5.670965 5.612846
-4.284961 4.263141
-4.376793 4.359425
-4.603211 4.572993
-4.538548 4.517185
-3.938930 3.924031
-5.076010 5.039260
-3.694578 3.683641
-4.458193 4.432011
-2.585407 2.617379
-6.311512 6.235033
-3.576761 3.567556
-4.414293 4.388940
-3.713315 3.716335
-4.865191 4.830395
-4.870270 4.832918
-3.567812 3.568040
-3.497889 3.491810
-4.977730 4.936452
-4.669507 4.637027
-5.078421 5.034069
-5.361982 5.316006
-4.709554 4.683712
-4.634290 4.604386
-5.322676 5.271152
-4.540442 4.514737
-2.512895 2.542502
-4.063658 4.050506
2.806555 -2.582332
1.447730 -1.298043
2.540453 -2.340094
1.262519 -1.120991
2.548829 -2.346981
0.805155 -0.684729
1.975531 -1.823832
1.550503 -1.406200
1.805667 -1.654799
2.184951 -2.013974
