-4.885614 5.126893
-4.749000 4.992074
-4.115007 4.318038
-4.568484 4.794396
-4.623516 4.846951
-4.332086 4.542845
-3.582480 3.747191
-4.585108 4.811873
-3.123459 3.268409
-4.385767 4.602945
-5.695599 5.979355
-2.723738 2.800661
-2.194219 2.265850
-3.432307 3.591579
-4.503033 4.728216
-3.967933 4.161455
-2.575603 2.668453
-4.098784 4.293005
-3.495276 3.654788
-3.610045 3.781151
-2.301713 2.379696
-3.423151 3.585224
-3.374142 3.526807
-3.127491 3.266523
-5.085370 5.338347
-4.746744 4.975208
-3.531609 3.694834
-4.337999 4.549722
-3.261225 3.400956
-3.996559 4.191301
-6.712495 7.028596
-5.287335 5.556128
-3.350896 3.502250
-4.472372 4.678013
-2.206769 2.282658
-4.987503 5.224311
-1.829901 1.880815
-4.276306 4.481101
-5.558809 5.800115
-3.583249 3.754243
-5.203874 5.460711
-4.728004 4.959964
-4.284532 4.485021
-4.654601 4.889962
-3.892444 4.076281
-4.926041 5.173649
-3.930950 4.116413
-4.103201 4.301326
-3.913684 4.096125
-4.003873 4.193928
-2.613825 2.719328
-4.090885 4.291957
-4.060186 4.237965
-3.126857 3.265330
-4.106366 4.291843
-2.894375 3.015786
-3.940204 4.129310
-4.057528 4.248976
-4.325923 4.536094
-1.947242 2.006591
-4.560496 4.788064
-4.563003 4.792208
-4.376900 4.595646
-3.753272 3.921352
-4.980805 5.219954
-3.861484 4.048006
-3.763397 3.939519
-4.548996 4.775127
-3.574153 3.743588
-2.839084 2.954186
-4.250787 4.457080
-4.663897 4.880930
-4.838735 5.075221
-3.883002 4.066464
-1.407704 1.418789
-5.669522 5.945967
-4.154793 4.355556
-2.958939 3.087976
-3.398737 3.552194
-0.249375 0.177371
-2.919401 3.040339
-3.248233 3.397498
-3.228204 3.365394
-5.014787 5.260510
-3.718438 3.897992
-4.112418 4.310202
-4.443491 4.666290
-2.757924 2.877194
-2.867519 2.984608
-4.073223 4.266714
-4.508295 4.736948
-4.057970 4.260617
-4.717273 4.950300
-4.530984 4.757614
-4.636297 4.857302
-1.306988 1.313361
-4.189806 4.398355
-3.859005 4.045984
-3.205301 3.347227
-4.380463 4.598361
-3.819789 4.007123
-3.484380 3.651770
-4.282101 4.485979
-4.574670 4.804780
-0.044502 -0.050468
1.835960 -2.071240
1.738211 -1.970052
1.437205 -1.645257
0.481678 -0.608841
0.481572 -0.628119
1.266609 -1.451475
1.176594 -1.353345
3.462125 -3.852940
3.789813 -4.195701
