-4.043691 4.681454
-4.398116 4.265661
-4.534281 4.760747
-3.990304 3.842175
-4.799355 4.850050
-5.098388 5.270238
-4.635952 4.969913
-4.933759 4.759980
-4.996515 5.101268
-4.880366 5.081142
-4.752156 4.783589
-4.806082 5.038419
-4.436025 4.665975
-4.010663 4.312917
-4.130361 4.399753
-4.276055 4.597045
-4.883508 4.694139
-4.022971 4.427444
-4.191294 4.183888
-4.887598 5.125199
-4.776990 5.304625
-4.216297 4.503860
-5.067580 4.830260
-4.785132 4.936101
-4.544165 4.626340
-4.537024 4.868931
-4.892154 4.847058
-4.231334 4.826506
-4.663426 4.830882
-4.525641 4.842176
-5.116219 5.307455
-4.229605 4.536779
-5.189770 5.443510
-4.278036 4.286187
-4.706484 4.911949
-4.198193 4.492763
-4.941575 4.983367
-4.908887 5.214685
-4.957527 4.888087
-4.566631 4.766451
-4.922739 5.082854
-4.939426 5.142207
-4.596315 4.706772
-3.102057 3.455992
-5.073446 5.342932
-5.062112 5.021179
-4.676820 4.856589
-4.710433 4.767405
-4.241711 4.565948
-4.530406 4.721701
-4.910652 4.890192
-4.473211 4.685738
-4.283082 3.992109
-5.083503 5.103745
-4.762767 4.792261
-4.897020 5.100477
-4.684396 3.726504
-5.017408 5.292778
-4.976745 5.079030
-4.291588 4.538006
-4.577347 5.216059
-4.587060 4.862547
-4.906913 5.374534
-3.606461 3.881678
-3.377535 3.252614
-4.516698 4.813282
-5.215839 5.206737
-4.797253 5.196946
-3.400616 2.832250
-4.853401 4.890872
-4.557568 4.538200
-4.820022 4.769173
-4.108140 4.275732
-4.293373 4.236163
-4.620674 4.856981
-4.585449 4.898810
-4.737934 5.130328
-4.240229 4.481844
-4.636935 5.137145
-5.016249 5.248704
-4.833029 4.930318
-3.990825 3.929654
-4.314593 4.387620
-4.496355 3.768461
-4.526584 4.668229
-4.706635 4.971581
-5.151402 5.299719
-4.624736 4.936899
-4.600903 4.513182
-3.561856 3.140764
-4.559159 4.743416
-4.228148 4.671494
-4.458866 4.479949
-3.812046 4.181193
-4.795560 4.850998
-5.187343 5.271318
-3.894407 4.197381
-4.761575 4.889955
-2.606486 2.768312
-3.790157 3.352182
-4.183207 4.197166
-3.441395 3.439820
-4.541141 4.667403
-4.408341 4.583691
3.940005 -4.893703
4.387998 -5.483409
1.654609 -2.054640
3.383646 -4.077236
3.963823 -4.851596
3.635550 -4.269945
4.384306 -5.427356
4.152231 -5.131255
3.192715 -3.885520
