-2.942317 2.988051
-4.368302 4.431975
-4.456205 4.519897
-4.695294 4.762373
-4.057126 4.116848
-3.757858 3.813758
-4.746696 4.817170
-4.333436 4.396798
-3.273827 3.324704
-2.766560 2.810155
-5.226352 5.300216
-3.142915 3.191229
-3.246150 3.295556
-4.138774 4.199456
-3.681110 3.735399
-4.822380 4.890419
-4.048522 4.109061
-4.000237 4.058718
-2.476813 2.518399
-3.706784 3.762459
-4.216488 4.278072
-2.649530 2.692695
-3.646515 3.700432
-3.738117 3.793876
-4.578807 4.644032
-3.856259 3.912755
-3.071325 3.118927
-4.804018 4.871909
-3.913791 3.970285
-3.211828 3.260002
-3.468208 3.520078
-5.217829 5.293019
-2.541815 2.583710
-3.552085 3.606758
-4.180494 4.240381
-4.554503 4.620355
-3.244239 3.295299
-3.517286 3.569791
-3.769803 3.825267
-4.116677 4.175415
-3.958912 4.016666
-4.217643 4.278539
-3.441918 3.493402
-4.360511 4.424335
-2.639431 2.682596
-2.555683 2.598454
-3.313726 3.363665
-4.554090 4.618948
-4.712209 4.778941
-2.492413 2.531940
-3.555540 3.608080
-4.123082 4.184141
-4.676274 4.742409
-3.553309 3.607829
-4.123132 4.183105
-4.079713 4.139134
-3.722652 3.777709
-4.833755 4.903807
-4.105428 4.164705
-3.797344 3.853896
-2.574238 2.616150
-4.347780 4.411027
-3.651963 3.705988
-3.251186 3.301326
-4.624467 4.691187
-3.236748 3.286488
-4.428845 4.493601
-3.141127 3.189729
-4.168946 4.229455
-3.853731 3.910085
-4.492920 4.558807
-2.336731 2.377322
-4.952878 5.022675
-3.046137 3.095878
-4.043485 4.102343
-3.135113 3.183674
-4.298115 4.360241
-3.623437 3.678133
-3.115165 3.164657
-1.403201 1.432540
-2.922595 2.968373
-4.114801 4.175364
-5.689045 5.768265
-3.492298 3.545422
-2.229785 2.267953
-2.207241 2.245152
-4.264977 4.327200
-4.034848 4.093584
-4.855043 4.924727
-3.867047 3.924512
-4.144948 4.205290
-3.476468 3.528054
-3.697773 3.752534
-0.758371 0.781234
-3.237891 3.287015
-4.592096 4.657624
-3.894433 3.952902
-4.080609 4.141097
-3.820506 3.881302
-3.952088 4.009565
-4.177664 4.237440
-3.677289 3.731350
-4.963524 5.033681
-3.506116 3.558800
1.628466 -1.629815
1.564642 -1.565954
3.132371 -3.146895
3.201869 -3.217067
1.010070 -1.005664
1.602654 -1.604590
2.429018 -2.437927
2.293844 -2.300226
-0.007182 0.021766
1.250461 -1.247495
