-5.371043 5.430725
-5.309233 5.375552
-4.029721 4.051459
-3.463230 3.473816
-4.772207 4.827048
-5.213404 5.265174
-4.652186 4.672068
-4.498340 4.499800
-3.695667 3.681257
-2.656557 2.570057
-4.985793 5.041550
-2.713006 2.689461
-3.939627 3.962351
-5.930602 6.002870
-4.241826 4.263161
-4.300952 4.326131
-3.450232 3.458303
-5.270011 5.352093
-4.709157 4.759242
-5.540191 5.584137
-3.070312 3.029289
-3.727465 3.734483
-4.857885 4.895573
-5.301933 5.377472
-5.149774 5.183157
-5.979114 6.049156
-3.464713 3.467438
-3.397627 3.396031
-4.873988 4.916040
-4.520574 4.543260
-4.969683 5.048154
-3.977525 3.993052
-4.393946 4.376427
-4.213859 4.197256
-4.879668 4.917934
-3.455125 3.473616
-2.873599 2.801188
-5.210233 5.255647
-5.279027 5.333639
-4.207387 4.232554
-5.010135 5.054298
-4.654211 4.682072
-5.237386 5.265152
-3.869669 3.878338
-4.450779 4.479150
-3.489775 3.497112
-4.742229 4.734630
-3.575725 3.590688
-4.693064 4.748553
-2.070308 2.002889
-6.027153 6.083370
-6.029774 6.070197
-5.152611 5.200063
-4.138128 4.189821
-2.956864 2.937254
-3.444968 3.450033
-2.487474 2.482366
-2.446764 2.417611
-3.295252 3.297731
-5.352349 5.408334
-2.488633 2.458214
-4.928550 4.969283
-5.892818 5.960465
-4.022010 4.042143
-2.459006 2.450393
-4.290225 4.274402
-6.087818 6.133636
-3.802826 3.831627
-3.274213 3.280557
-4.187000 4.189831
-5.458159 5.523630
-4.199112 4.196566
-5.039927 5.066469
-4.731455 4.791023
-3.737195 3.730306
-4.434763 4.456223
-2.939681 2.942081
-3.095669 3.092053
-2.504812 2.484516
-4.243706 4.289782
-6.598536 6.598050
-4.129776 4.161619
-6.575233 6.669109
-3.070614 3.033210
-4.994303 5.038815
-4.243724 4.188789
-5.667348 5.702534
-4.362937 4.405281
-5.434230 5.498775
-4.474281 4.521539
-5.420542 5.487029
-5.084209 5.128223
-5.070591 5.119218
-5.931035 5.966189
-4.495026 4.489070
-3.861080 3.858635
-5.520672 5.594997
-4.039862 4.057226
-4.760156 4.808731
-5.015714 5.089242
-4.335197 4.354584
-5.546206 5.601711
-6.407281 6.443386
2.677531 -3.029365
0.873537 -1.036834
1.962767 -2.206152
0.369803 -0.523433
1.568081 -1.837660
-0.520820 0.427331
1.739039 -2.002385
1.631942 -1.886015
2.389687 -2.695723
1.895067 -2.139702
