-4.587284 4.628504
-3.894301 3.973680
-6.206285 6.214575
-4.987086 5.013778
-5.039178 5.047648
-4.681037 4.714117
-5.553818 5.560854
-4.769275 4.820412
-5.281111 5.307583
-5.560495 5.603784
-5.896106 5.875076
-6.310181 6.275101
-3.665818 3.743071
-4.830420 4.851795
-5.761788 5.748819
-6.721195 6.678960
-4.871824 4.908445
-4.457979 4.507300
-4.890413 4.933680
-6.090648 6.066663
-5.859364 5.850184
-7.523832 7.491449
-5.860162 5.857742
-7.487794 7.495579
-5.427773 5.435807
-6.524386 6.491165
-5.182308 5.191690
-5.841612 5.823757
-4.665404 4.682472
-5.223444 5.259392
-5.498083 5.501750
-4.983104 5.008130
-5.365705 5.379945
-4.831344 4.858832
-5.546141 5.536054
-5.262331 5.283155
-7.255520 7.196452
-3.692843 3.783812
-5.227123 5.246424
-2.809661 2.932286
-5.191537 5.203478
-3.453007 3.545342
-5.232577 5.240526
-4.380213 4.421315
-5.062697 5.070770
-5.324390 5.330298
-5.771470 5.803372
-5.388685 5.412419
-5.786695 5.779150
-3.281638 3.388442
-5.570268 5.559338
-5.771516 5.764527
-6.315321 6.300010
-5.655473 5.653209
-6.034968 6.021002
-6.274455 6.300563
-5.748667 5.756458
-4.725288 4.819342
-5.990913 5.981988
-6.428546 6.396855
-3.811361 3.952977
-5.696226 5.701256
-5.079318 5.083448
-4.692079 4.725153
-4.593914 4.631773
-7.056436 7.016063
-4.027048 4.064064
-6.449722 6.414097
-7.933459 7.917614
-5.749823 5.723027
-4.993860 5.006127
-5.470692 5.475854
-5.266953 5.273217
-6.014893 6.016672
-4.621988 4.684425
-5.521777 5.549548
-6.032427 6.027483
-5.390336 5.417972
-4.693861 4.744537
-5.468555 5.467875
-4.979416 4.986951
-5.501976 5.520875
-5.670403 5.663045
-4.268656 4.350557
-5.598327 5.607034
-5.132958 5.159503
-6.907021 6.899348
-5.208917 5.224121
-5.275499 5.280785
-4.553702 4.575225
-4.614993 4.688190
-6.435773 6.413809
-6.615968 6.600494
-5.379157 5.388407
-5.145952 5.172747
-4.713368 4.738932
-4.207716 4.280323
-4.763327 4.802052
-5.097603 5.093190
-4.815315 4.843794
-6.457463 6.449685
-5.699029 5.698805
-5.853100 5.852304
-5.726202 5.731033
2.560613 -2.165142
1.515030 -1.220990
2.084775 -1.731787
2.365805 -1.965628
1.273138 -0.981219
2.198428 -1.843944
0.208319 0.040300
1.533010 -1.214751
1.228421 -0.892223
1.817246 -1.518825
