-3.231598 3.635784
-2.619066 2.975917
-4.772483 5.217485
-3.303527 3.609773
-3.314438 3.665039
-3.138443 3.540819
-3.956640 4.230134
-3.277632 3.598653
-3.639563 4.018558
-4.571717 5.101234
-4.866385 5.112558
-4.151480 4.469051
-2.219768 2.577782
-3.112539 3.450063
-3.996613 4.302989
-5.728822 5.960401
-3.171962 3.591762
-2.747334 3.146029
-3.302066 3.705773
-5.095333 5.364091
-4.181634 4.444142
-6.227986 6.540154
-4.741983 5.024237
3.305613 -2.259502
-4.051059 4.320642
-4.809588 5.100162
-3.832726 4.110030
-4.510467 4.769165
-3.733590 4.012238
-3.494841 3.820821
-3.801366 4.154093
-3.488407 3.769526
-3.950000 4.217237
-3.662605 3.983502
-4.079778 4.292886
-3.710886 4.081212
3.101045 -2.118854
-2.262174 2.635206
-3.485502 3.774606
-1.200844 1.652779
-3.934127 4.262796
-2.344325 2.775538
-3.522213 3.855270
-2.810792 3.127752
-3.995855 4.286637
-3.950819 4.214634
-3.921926 4.300776
-3.994665 4.328757
-4.631029 4.903350
-1.751085 2.164819
-4.453801 4.740501
-4.770826 5.082890
-5.578124 5.883690
-4.332126 4.570115
-5.014235 5.294072
-4.487228 4.942229
-3.857426 4.220177
-3.822173 4.270151
-4.400065 4.705209
-6.032868 6.304097
-3.186806 3.896664
-3.844241 4.165726
-3.992787 4.282386
-3.625437 3.931002
-3.450894 3.750447
-4.943294 5.282967
-3.039888 3.314191
-5.313035 5.558075
-6.801308 7.176956
-4.188227 4.390756
-3.764934 4.016653
-3.749319 4.060147
-3.759887 4.000488
-4.546198 4.923076
-3.096358 3.480062
-4.099982 4.418478
-4.383607 4.648545
-3.693754 4.044959
-3.222744 3.573536
-4.122099 4.379973
-3.661873 3.932426
-4.174078 4.426247
-4.271747 4.674991
-2.374267 2.828499
-4.091058 4.443584
-3.292420 3.630978
-5.436725 5.770696
-4.240376 4.606243
-3.675785 4.029490
-3.181251 3.489487
-3.182032 3.557087
-4.628596 4.924025
-6.005425 6.335512
-4.153751 4.478278
-3.344490 3.637203
-3.084964 3.478987
-2.552926 2.939902
-3.373813 3.684215
-3.663537 4.000706
-3.123851 3.500172
-5.036757 5.335345
-3.876173 4.254220
-4.417959 4.745870
-4.378313 4.711128
3.431717 -2.339330
2.514992 -1.726650
3.174237 -2.168486
3.758638 -2.557719
2.685933 -1.840669
3.078548 -2.104165
1.647536 -0.960137
2.913824 -1.994725
3.195396 -2.177967
2.604932 -1.786634
