-3.639489 3.355497
-5.578424 5.086627
-6.059168 5.522808
-6.574933 5.969540
-4.774690 4.357090
-4.784892 4.358715
-2.237625 2.131159
-6.091938 5.536186
-5.695421 5.177060
-5.372633 4.896325
-4.898847 4.459356
-5.357949 4.875324
-5.068805 4.631133
-2.290536 2.181166
-4.414719 4.036297
-4.681701 4.266806
-5.917058 5.375198
-4.321742 3.968280
-5.643451 5.161179
-4.457614 4.075105
-2.729566 2.554676
-4.106928 3.789509
-4.390588 4.022717
-5.358583 4.871626
-4.939174 4.496403
-5.108209 4.666830
-4.553228 4.182462
-2.943271 2.757992
-3.544070 3.275108
-5.003114 4.557846
-5.466178 4.979427
-6.009704 5.468174
-5.983897 5.456193
-4.340138 3.968394
-5.499138 5.006176
-4.621842 4.208269
-5.160671 4.735519
-3.178195 2.935631
-4.818776 4.402505
-7.346947 6.664354
-2.605357 2.455936
-4.710044 4.298535
-5.200727 4.746503
-4.365502 3.999261
-6.777897 6.157822
-6.970135 6.338246
-4.007857 3.682444
-6.608449 5.996447
-4.914447 4.504518
-5.060910 4.608281
-6.064156 5.499738
-3.733874 3.444325
-4.686053 4.276885
-6.320204 5.735651
-0.041881 0.258430
-4.622980 4.223473
-4.253518 3.896965
-2.223239 2.161115
-3.687282 3.434164
-6.240313 5.670420
-3.723304 3.438819
-5.200269 4.734237
-8.161068 7.406237
-6.515716 5.922288
-6.176406 5.615747
-6.322937 5.764668
-6.398376 5.807189
-4.123770 3.785652
-4.886501 4.458886
-4.173457 3.818736
-4.955056 4.517612
-5.684668 5.168265
-5.386599 4.904350
-6.024796 5.466131
-4.950032 4.519343
-5.999569 5.453708
-7.413198 6.727634
-5.437731 4.956533
-2.798303 2.671529
-4.398355 4.048822
-4.627889 4.229791
-5.315354 4.835218
-6.561145 5.963357
-6.913043 6.270200
-5.614307 5.121787
-5.476826 4.981404
-4.411778 4.044167
-5.992775 5.444837
-3.137834 2.914166
-4.692010 4.290112
-4.267431 3.984851
-4.670863 4.265429
-3.968555 3.658033
-5.686640 5.173674
-5.421641 4.931935
-5.673172 5.150914
-6.810322 6.176573
-4.608793 4.224086
-5.710093 5.189995
-5.364710 4.870623
-6.016279 5.464366
-6.557107 5.944956
-3.375560 3.145056
-1.298265 1.341242
0.951184 -0.624535
4.559400 -3.678300
-0.017924 0.197905
3.420623 -2.707813
4.422285 -3.558138
3.989768 -3.187729
0.555840 -0.275245
4.407985 -3.542601
2.168431 -1.652351
1.017033 -0.670177
